$SPEC_ID:
No sample description was entered.
$SPEC_REM:
DET# 1
DETDESC# FSGUNIV-O93LS3D Easy-MCA-8k SN 17088661
AP# Maestro Version 7.01
$DATE_MEA:
01/27/2020 17:11:49
$MEAS_TIM:
387 389
$DATA:
0 4095
       0
       0
       0
       0
       0
       0
       0
       0
       2
       0
       0
       0
       0
       0
       1
       0
       1
       0
       0
       1
       1
       1
       0
       1
       0
       0
       0
       0
       1
      48
      72
      75
      67
      80
      70
      58
      63
      71
      66
      73
      75
      57
      74
      70
      72
      77
      71
      73
      67
      66
      59
      80
      73
      84
      88
      80
      66
      57
      66
      79
      85
      64
      77
      87
      72
      69
      72
      66
      70
      69
      65
      74
      72
      77
      89
      96
      90
     117
     111
     114
     109
     122
     135
     131
     136
     129
     153
     157
     158
     158
     157
     149
     163
     157
     150
     154
     145
     135
     122
     120
     116
     120
     117
     110
     106
     110
      96
      81
     105
      84
      76
     101
      89
     102
      80
      82
      83
      90
      96
      85
      90
      70
      71
      85
      67
      83
      74
      96
      80
     108
      79
      83
      75
      93
      71
      64
      78
      80
      80
      96
      98
      80
     106
      76
      82
      78
      70
      87
      64
      74
      68
      66
      85
      79
      82
      77
      77
      79
      78
      93
      95
      95
      91
      57
      91
      82
      71
      93
      86
      89
      83
      74
      85
      85
      70
      74
      77
      99
      74
      73
      82
      87
      94
      87
      77
      84
      79
      86
      80
      87
     103
     118
      98
      97
      97
     110
     113
     114
     118
     126
     119
     118
     125
     153
     152
     132
     129
     149
     157
     131
     150
     182
     147
     168
     152
     160
     162
     168
     166
     130
     158
     191
     158
     140
     142
     132
     135
     123
     137
     133
     123
     123
     141
     122
     122
     133
     126
     110
     109
     123
     123
     131
     106
     108
     109
     117
     100
     109
      95
     103
      97
      93
     109
      83
      95
     103
      74
      96
      95
      94
      86
      97
      81
     100
      94
      93
      87
      87
      85
      87
      83
      77
      78
      98
      66
      78
      75
      77
      75
      77
      85
      78
      71
      79
      61
      76
      74
      81
      93
      84
      84
      83
      84
      82
      68
      67
      57
      71
      84
      75
      79
      63
      68
      74
      72
      97
      76
      68
      77
      73
      70
      77
      65
      71
      80
      89
      77
      75
      85
      81
      81
      80
      63
      83
      61
      81
      80
      85
      79
      78
      87
      69
      74
      67
      91
      75
      79
      71
      75
      84
      88
      82
      64
      70
      70
      84
      82
      92
      66
      63
      80
      73
      74
      65
      73
      72
      75
      79
      85
      72
      79
      84
      82
      71
      82
      82
      69
      94
      68
      79
      77
      84
      70
      84
      73
      78
      81
      66
      91
      82
      79
      93
      64
      72
      76
      78
      86
      85
      77
      78
      61
      89
      61
      76
     101
      70
      79
      75
      61
      80
      81
      91
      99
      75
      62
      82
      88
      75
      77
      72
      75
      88
      66
     102
      88
      69
      83
      88
      87
      80
      70
      77
      68
      84
      79
      75
      83
      98
      85
      88
      76
      69
      86
      71
      70
      89
      81
      69
      69
      89
      81
      89
      91
      73
      80
      81
      76
      87
      88
      78
      81
      76
      87
      86
      75
      97
      86
      88
      97
      83
      78
      83
     101
      84
      86
      93
      87
      84
      89
      93
      69
      81
      87
      90
      71
      78
      96
      80
      91
     108
      72
      91
      75
      74
      76
      79
      93
      77
     100
      77
     100
      98
      86
      89
      91
      81
      73
      86
      81
     101
      86
      97
     102
      82
      89
      93
      88
      98
      94
      76
      98
      99
     107
     102
      96
      89
      71
     109
      88
      99
      86
      87
      84
      86
      89
      86
      87
      84
      97
      92
      73
      83
      87
      78
      91
     103
     109
      79
     116
     104
     105
      97
      75
      93
      96
     102
      91
      95
     115
      98
      94
      93
      88
      98
      99
      84
     102
      94
      95
     110
     107
     104
     107
     103
      93
      97
      80
     119
      97
      98
     119
      95
      78
      82
     100
     104
     100
     107
     112
      98
      97
      85
      99
     101
     117
      99
      92
      99
     114
     108
     101
      99
     104
      88
     125
     115
     102
      94
     101
     101
     110
      99
      97
      86
     103
     112
      95
     124
      92
     103
     107
     100
     104
     113
     106
     102
     102
     109
     120
     108
      99
     103
      88
      85
      90
     112
      99
      86
      90
      98
      89
      98
      99
      80
      98
      92
      89
      90
     107
     110
      82
     108
     111
     109
     103
      79
      98
      93
     100
      99
      92
     100
     102
      92
     100
      92
     110
      85
     103
      99
      97
      99
      82
     106
     109
      92
     101
      94
      88
      89
      92
     116
      89
      94
      97
      96
      80
     100
     102
      88
      82
      87
      90
      93
      94
     116
      82
     103
     101
     101
     103
      96
      69
     131
      86
      82
      87
      79
      84
     102
      92
     100
      93
      86
     100
     109
      99
      86
      93
      96
      98
     110
      86
      95
      79
      84
     102
     109
      93
      95
      83
      87
     109
      84
      79
      95
      97
      79
      70
     106
     111
      88
      78
      96
      98
      83
     101
      79
      94
      79
      82
      81
      78
      84
      85
      92
      93
      98
      98
      92
      87
      82
      85
      74
      91
      91
      90
      76
     102
      80
      90
      87
      86
      86
      74
      86
      95
      89
      70
      72
      80
      87
      74
      86
      90
      80
      81
      96
      92
      74
      78
      97
     108
      87
      84
      81
     101
      72
      82
      86
      71
      90
      82
      86
      92
      80
      87
      85
      91
      75
      89
      90
      99
      75
      69
      66
      80
      92
      93
      84
      72
      80
      83
      78
      90
      84
      73
      88
      98
      81
      85
      94
      74
      84
      79
      86
      82
     100
      87
      88
     102
      84
      92
      74
     102
      81
      90
      88
      76
      73
      84
      83
      80
      80
      79
     117
      86
      81
      85
      81
      94
      90
      96
      75
      86
      69
      88
      98
      84
      99
      82
      88
      74
      79
      80
      82
      94
      98
      96
      84
      83
      75
     103
      83
      96
      88
      91
      81
      94
      90
      97
      71
      98
      90
     101
      82
      84
      75
      97
      76
      61
      69
     102
      85
      85
      75
      89
      95
     100
      80
      80
      83
      69
      85
     106
     101
      82
      96
      91
      71
      85
      74
      91
      83
      83
      76
      76
      69
     104
      85
      88
      82
      85
      74
      92
      84
     102
      80
      70
      85
      98
      85
     101
      73
      83
      90
      77
      79
      78
      88
      89
      82
      87
      84
      83
      84
     106
      80
      75
      84
      77
      94
      96
      77
      87
      95
      76
      63
      84
      80
      85
      87
      73
      69
      83
      93
      88
     101
      90
      86
      90
      73
      79
      85
      98
      74
      78
      74
      92
      86
      91
      81
      75
      78
     102
      87
      80
      87
      85
      84
      78
      99
      57
      98
      96
      73
      86
      92
      86
      80
      89
      86
      93
      85
      84
      84
      80
      99
      70
      81
      87
      86
      86
      92
      91
      78
      83
      92
      84
      83
      86
      84
      85
      81
      88
     100
      82
      85
      95
      55
      73
      68
      74
      85
      91
      75
      78
      86
      74
      78
      76
      92
      84
      83
      82
      87
      82
      77
      95
      76
      57
      92
      91
      70
      83
      88
      87
      88
      82
      62
      65
      72
      87
      84
      91
      64
      88
      92
      70
      71
      71
      81
      76
      74
      85
      75
      80
      75
     103
      73
      74
      78
      89
      73
      81
      87
      78
      72
      78
      84
      83
      92
      85
      74
      85
      89
      73
      97
      80
      82
      84
      88
      76
      85
      86
      72
      86
      78
      83
      63
      82
      69
      90
      65
      72
      76
      70
      92
      74
      89
      87
      73
      77
      86
      97
      84
      89
      76
      82
      85
      79
      63
      70
      87
      91
      86
      73
      86
      94
      69
      91
      87
      92
      97
      82
      62
      76
      79
      86
      73
      73
      81
      70
      80
      84
      67
      81
      88
      95
      81
      82
      76
      84
      80
      66
      73
      81
      81
      94
      71
      89
      96
      82
      74
      94
      83
      79
      92
      74
      78
      68
      77
      87
      89
      65
      75
      72
      68
      82
      91
      81
      72
      80
      89
      80
      70
      76
      91
      83
      93
      76
      78
      69
      78
      67
      83
      82
      76
      72
      79
      83
      77
      86
      75
      95
      84
      65
      79
      69
      72
      71
      59
      79
      82
      68
      73
      81
      70
      73
      61
      70
      74
      78
      85
      67
      78
      77
      83
      67
      77
      58
      75
      77
      77
      69
      81
      63
      73
      70
      73
      75
      66
      67
      82
      76
      70
      68
      86
      84
      78
      72
      74
      69
      68
      83
      75
      58
      64
      77
      74
      52
      80
      76
      85
      63
      82
      77
      81
      71
      77
      73
      68
      74
      94
      85
      81
      79
      69
      62
      77
      79
      74
      79
      75
      73
      72
      65
      69
      68
      69
      69
      75
      63
      73
      81
      61
      60
      53
      72
      82
      65
      77
      71
      68
      67
      70
      65
      68
      92
      58
      65
      87
      72
      73
      70
      76
      64
      77
      71
      68
      60
      66
      55
      69
      75
      70
      74
      59
      64
      77
      76
      76
      69
      70
      70
      79
      60
      57
      57
      73
      96
      79
      76
      66
      57
      67
      74
      85
      86
      84
      58
      78
      51
      67
      76
      57
      71
      58
      75
      67
      59
      70
      73
      66
      63
      69
      72
      69
      56
      69
      63
      58
      72
      85
      72
      74
      91
      55
      59
      74
      72
      69
      61
      61
      60
      62
      51
      60
      63
      72
      76
      67
      72
      70
      56
      74
      54
      57
      73
      79
      73
      57
      74
      57
      66
      62
      67
      60
      63
      76
      59
      66
      59
      69
      63
      73
      67
      65
      63
      72
      62
      81
      63
      62
      69
      65
      75
      52
      66
      57
      60
      56
      69
      62
      61
      56
      60
      58
      71
      69
      75
      67
      62
      55
      80
      71
      67
      52
      60
      76
      64
      62
      57
      63
      57
      55
      76
      69
      55
      55
      76
      69
      55
      56
      58
      60
      66
      53
      73
      54
      68
      50
      51
      62
      60
      60
      69
      61
      65
      60
      60
      72
      56
      64
      57
      51
      52
      67
      49
      66
      59
      68
      59
      70
      65
      75
      63
      68
      73
      72
      62
      66
      58
      62
      64
      60
      57
      75
      63
      64
      74
      78
      63
      51
      54
      59
      77
      71
      57
      65
      54
      73
      60
      68
      65
      75
      67
      61
      59
      57
      77
      80
      76
      74
      56
      67
      48
      61
      75
      64
      55
      66
      63
      63
      74
      71
      64
      54
      67
      80
      66
      66
      46
      67
      61
      68
      73
      58
      72
      68
      60
      63
      69
      63
      57
      58
      61
      70
      57
      56
      63
      70
      81
      76
      62
      68
      71
      69
      80
      73
      54
      55
      88
      72
      67
      86
      64
      59
      65
      69
      79
      77
      82
      77
      65
      82
      66
      80
      71
      80
      61
      65
      77
      80
      76
      71
      67
      80
      74
      79
      83
      79
      65
      68
      88
      90
      80
      88
      83
      74
      80
      97
      88
      82
      76
      95
      96
      84
      92
      84
      82
      94
     108
      90
      89
      93
     114
      95
     105
      83
      98
      90
      97
     109
     106
     114
     104
      87
     107
     106
     104
     130
     118
      98
     106
     109
     112
     115
     107
     116
     113
     128
     128
     126
     109
     129
     116
     135
     135
     134
     118
     134
     146
     123
     140
     144
     154
     133
     118
     116
     141
     137
     112
     134
     123
     147
     126
     158
     138
     123
     127
     139
     133
     138
     141
     141
     136
     143
     146
     154
     153
     136
     139
     142
     129
     140
     154
     121
     163
     148
     128
     158
     142
     161
     128
     163
     163
     137
     134
     149
     120
     156
     136
     160
     128
     140
     144
     117
     142
     148
     138
     154
     146
     137
     140
     139
     130
     150
     144
     125
     122
     129
     131
     131
     131
     133
     114
     120
     124
     106
     148
     116
     135
     120
     121
     111
     129
     117
     118
     115
     126
     124
     114
     125
     107
     103
     111
     113
     110
     114
     111
     107
     116
      99
     118
     109
     100
      92
      89
     114
      87
      81
     100
      81
      93
     106
      81
      91
      80
      76
     101
      79
      85
      84
      91
      81
      82
      85
      76
      80
      66
      83
     101
      79
      77
      72
      97
      62
      73
      71
      72
      78
      70
      75
      65
      66
      62
      72
      78
      71
      66
      72
      67
      57
      72
      58
      61
      60
      78
      62
      74
      57
      58
      54
      62
      66
      56
      57
      59
      58
      59
      59
      64
      59
      62
      84
      63
      50
      77
      47
      66
      59
      60
      53
      58
      63
      44
      65
      59
      66
      54
      56
      57
      57
      43
      50
      54
      44
      54
      56
      56
      51
      59
      68
      50
      53
      61
      58
      60
      56
      75
      57
      54
      64
      49
      67
      52
      69
      61
      61
      51
      50
      47
      58
      43
      63
      58
      54
      56
      56
      64
      52
      41
      43
      61
      55
      58
      51
      63
      56
      60
      61
      62
      76
      59
      61
      54
      62
      53
      42
      49
      63
      62
      62
      60
      56
      45
      60
      49
      56
      54
      55
      44
      53
      49
      74
      55
      51
      52
      51
      58
      53
      65
      49
      45
      65
      56
      62
      59
      62
      61
      54
      68
      61
      61
      60
      55
      45
      65
      65
      61
      57
      66
      43
      55
      59
      56
      57
      60
      56
      64
      58
      62
      57
      61
      57
      51
      58
      63
      68
      51
      66
      59
      54
      65
      59
      49
      59
      45
      66
      56
      69
      44
      70
      64
      60
      49
      54
      64
      54
      55
      65
      68
      48
      63
      43
      53
      55
      48
      58
      70
      70
      62
      56
      63
      63
      67
      52
      55
      49
      58
      57
      56
      57
      60
      57
      53
      64
      50
      61
      62
      52
      64
      64
      70
      59
      56
      56
      62
      63
      50
      59
      45
      57
      55
      44
      57
      57
      61
      47
      61
      66
      50
      66
      56
      63
      69
      57
      66
      58
      41
      50
      61
      65
      65
      57
      71
      64
      61
      54
      77
      51
      57
      61
      57
      60
      53
      51
      57
      53
      74
      63
      60
      52
      69
      55
      49
      63
      71
      58
      59
      49
      61
      49
      55
      44
      60
      58
      64
      70
      59
      63
      58
      57
      61
      56
      62
      70
      71
      68
      76
      63
      46
      47
      65
      51
      76
      54
      68
      54
      64
      58
      52
      64
      64
      51
      54
      63
      62
      65
      53
      65
      68
      55
      76
      74
      54
      77
      64
      67
      50
      68
      64
      60
      58
      71
      57
      58
      54
      54
      57
      55
      52
      65
      63
      60
      58
      58
      55
      64
      61
      61
      60
      61
      68
      65
      62
      64
      54
      56
      52
      72
      64
      51
      61
      59
      66
      68
      70
      66
      68
      49
      60
      67
      71
      65
      55
      53
      54
      50
      58
      53
      49
      62
      73
      72
      59
      62
      58
      79
      63
      60
      64
      51
      60
      62
      57
      57
      58
      70
      70
      56
      71
      74
      63
      63
      47
      65
      67
      68
      72
      67
      60
      60
      48
      67
      50
      43
      54
      56
      53
      43
      56
      55
      60
      69
      56
      55
      59
      73
      59
      61
      68
      39
      64
      66
      70
      60
      64
      59
      50
      48
      74
      58
      52
      65
      53
      72
      69
      56
      77
      62
      76
      55
      57
      60
      61
      72
      74
      56
      62
      59
      64
      57
      54
      75
      67
      62
      67
      61
      56
      63
      54
      55
      63
      61
      72
      55
      65
      60
      56
      59
      76
      57
      70
      61
      64
      79
      69
      58
      68
      53
      72
      71
      65
      66
      68
      53
      72
      59
      68
      61
      71
      62
      53
      65
      78
      58
      72
      73
      63
      59
      62
      53
      54
      80
      68
      65
      61
      66
      63
      72
      56
      50
      55
      53
      64
      68
      60
      47
      64
      61
      66
      69
      42
      57
      60
      59
      66
      51
      62
      64
      51
      62
      68
      54
      59
      66
      63
      64
      54
      58
      57
      59
      58
      56
      65
      55
      67
      59
      69
      51
      86
      64
      60
      58
      79
      48
      59
      66
      58
      62
      50
      60
      50
      49
      47
      53
      54
      49
      62
      58
      66
      36
      53
      59
      57
      59
      57
      61
      51
      66
      68
      53
      57
      45
      44
      55
      56
      54
      62
      63
      38
      58
      58
      55
      47
      52
      49
      62
      74
      48
      49
      48
      43
      59
      57
      54
      57
      56
      59
      46
      43
      51
      48
      59
      49
      59
      39
      52
      46
      47
      59
      58
      41
      45
      41
      69
      50
      44
      44
      52
      46
      59
      44
      54
      41
      47
      42
      64
      53
      48
      48
      39
      41
      46
      28
      53
      42
      45
      46
      41
      39
      56
      42
      39
      47
      37
      42
      40
      48
      58
      47
      53
      42
      45
      43
      43
      53
      42
      41
      42
      52
      39
      40
      37
      34
      49
      53
      51
      43
      43
      45
      45
      47
      47
      52
      44
      37
      41
      40
      37
      42
      46
      45
      44
      48
      34
      36
      36
      44
      28
      41
      43
      44
      34
      49
      34
      39
      50
      49
      51
      50
      39
      44
      37
      38
      37
      43
      44
      45
      33
      36
      33
      32
      44
      29
      42
      35
      31
      39
      41
      49
      52
      36
      30
      45
      39
      38
      40
      45
      49
      42
      36
      50
      36
      40
      45
      43
      35
      35
      34
      37
      43
      31
      39
      35
      39
      35
      40
      53
      42
      35
      38
      42
      54
      35
      37
      43
      35
      45
      34
      48
      37
      34
      36
      42
      32
      40
      41
      30
      34
      35
      40
      49
      33
      25
      42
      48
      39
      33
      38
      36
      43
      42
      47
      29
      55
      48
      34
      37
      36
      35
      26
      40
      45
      34
      31
      45
      30
      39
      40
      29
      39
      34
      29
      50
      34
      36
      31
      30
      38
      34
      41
      32
      36
      36
      40
      38
      29
      39
      40
      46
      34
      51
      36
      33
      32
      30
      46
      32
      28
      34
      31
      44
      37
      31
      39
      36
      46
      34
      38
      32
      42
      35
      24
      41
      40
      40
      42
      39
      36
      39
      44
      24
      39
      31
      42
      41
      29
      35
      34
      40
      31
      49
      26
      35
      37
      35
      34
      32
      41
      29
      40
      37
      45
      40
      45
      47
      44
      33
      32
      39
      42
      30
      34
      40
      37
      26
      50
      48
      43
      43
      40
      29
      42
      30
      35
      29
      32
      43
      40
      38
      39
      44
      38
      35
      24
      33
      38
      29
      40
      35
      34
      28
      40
      22
      38
      32
      37
      46
      34
      28
      47
      33
      31
      41
      29
      28
      29
      31
      46
      48
      26
      39
      38
      44
      40
      35
      43
      29
      33
      38
      28
      25
      39
      31
      34
      42
      35
      40
      30
      42
      28
      37
      31
      39
      30
      44
      46
      36
      36
      31
      33
      45
      31
      41
      37
      40
      43
      37
      38
      39
      36
      36
      43
      41
      43
      44
      40
      46
      34
      40
      47
      37
      44
      58
      45
      47
      52
      39
      51
      27
      50
      41
      60
      55
      47
      42
      49
      43
      45
      52
      48
      43
      53
      58
      51
      40
      56
      53
      49
      55
      66
      55
      66
      65
      42
      56
      62
      55
      58
      69
      46
      66
      72
      61
      73
      65
      56
      78
      69
      86
      76
      73
      72
      82
      77
      75
      78
      70
      91
      84
      68
      82
      89
      76
      73
      87
      83
      69
      89
      92
      86
      96
      80
      77
     104
      87
      72
      94
      86
      88
      79
      72
     113
      99
      77
     113
     109
     105
      93
      85
      99
     106
      95
     100
      92
     121
     111
     113
     108
      93
     126
     137
     118
     107
     118
      99
     131
     135
     117
     130
     123
     113
     129
     105
     114
     108
     123
     114
     110
     128
     130
     145
     141
     126
     157
     112
     162
     132
     143
     141
     116
     118
     129
     128
     133
     125
     161
     117
     131
     145
     125
     137
     129
     140
     135
     124
     137
     138
     129
     132
     118
     109
     135
     122
     140
     125
     126
     137
     140
     133
     130
     133
     118
     120
     125
     123
     127
     118
     143
     145
     132
     150
     111
     136
     113
     111
     134
     141
     127
     134
     127
     112
     131
     108
     117
     104
     101
     101
     121
     127
     135
     125
     147
      96
      96
     116
     114
     110
     109
     106
      89
      86
      95
     103
      88
     104
      93
      95
     100
      98
     107
     106
     102
      91
      92
      84
      84
     108
      98
      85
      91
      93
      78
      84
      59
      81
      82
      72
      89
      78
      68
      67
      74
      67
      76
      61
      76
      67
      67
      59
      70
      73
      72
      57
      65
      49
      75
      47
      52
      65
      60
      51
      55
      57
      55
      57
      46
      51
      54
      46
      60
      49
      60
      46
      41
      37
      42
      40
      52
      41
      45
      30
      53
      37
      37
      43
      38
      40
      38
      38
      40
      34
      41
      36
      27
      39
      48
      29
      19
      39
      34
      33
      28
      27
      36
      23
      29
      20
      29
      20
      21
      24
      20
      11
      29
      23
      24
      19
      26
      23
      22
      18
      15
      19
      29
      26
      16
      23
      21
      12
      21
      28
      12
      21
      14
      21
      14
      29
      12
      14
      23
      21
      15
      14
      18
      11
      17
      22
      18
      23
      14
      17
      12
      14
      24
      24
      18
      19
      23
      24
      34
      17
      20
      14
      22
      15
      21
      16
      21
      16
      18
      22
      29
      15
      17
      28
      19
      19
      23
      20
      12
      23
      19
      28
      20
      32
      25
      18
      25
      16
      16
      26
      21
      18
      28
      33
      24
      25
      40
      21
      22
      35
      16
      30
      33
      25
      34
      32
      27
      24
      25
      39
      32
      41
      29
      46
      37
      39
      43
      35
      34
      38
      49
      37
      32
      43
      41
      54
      49
      35
      45
      45
      43
      60
      49
      34
      44
      43
      47
      53
      51
      47
      64
      58
      48
      54
      49
      55
      50
      58
      53
      58
      62
      76
      66
      56
      57
      61
      66
      51
      89
      73
      70
      54
      59
      80
      72
      80
      80
      60
      65
      72
      67
      74
      73
      65
      72
      79
      71
      68
      78
      70
      85
      76
      79
      80
      88
      68
      64
      87
      81
      90
      77
      98
      74
      82
      95
      90
     100
     103
      83
      86
      99
      91
      99
     100
     110
     101
      96
      94
     105
     100
      93
      99
      99
      86
      99
      86
     102
      87
     117
      92
      95
      89
     101
      97
      98
      93
      97
     101
     106
      96
     114
     102
     100
      86
     102
     110
     101
     102
     100
      94
     102
     113
     102
     106
      89
      82
     118
      93
     107
     110
      97
     122
     110
      97
      92
     108
      97
     103
      85
      89
     109
      95
      86
     101
      92
      94
      94
     114
     106
      97
      87
      91
      81
      89
      82
     101
      94
      91
      76
      87
      92
     100
      95
      92
      99
      83
      84
      90
      64
      98
      77
      80
     102
      77
      87
      79
      65
      77
      78
      92
      93
      75
      82
      78
      83
      69
      63
      70
      65
      64
      89
      64
      72
      80
      66
      69
      76
      71
      69
      71
      58
      70
      52
      58
      63
      69
      51
      52
      60
      58
      58
      45
      58
      41
      61
      65
      48
      49
      52
      51
      43
      48
      46
      45
      57
      48
      46
      55
      44
      48
      41
      33
      48
      51
      31
      52
      28
      27
      32
      34
      36
      37
      34
      49
      27
      29
      35
      19
      19
      42
      40
      22
      30
      27
      14
      30
      18
      29
      24
      20
      24
      23
      26
      31
      30
      21
      28
      19
      19
      16
      19
      19
      20
      23
      24
      18
      16
      17
      20
      15
      11
      12
      23
      12
      11
      19
       5
      13
      12
      14
      17
      12
       8
       7
       8
       9
       8
       7
       7
       8
       3
       7
       2
       7
       4
      12
       5
      12
       6
      10
       8
       4
      10
       3
       7
       5
       7
      12
       6
       6
       6
       2
       5
       5
       6
       2
       4
       4
       5
      12
       3
       2
       6
       4
       3
       2
       1
       5
       1
       0
       2
       6
       1
       3
       4
       2
       3
       2
       1
       6
       1
       3
       7
       0
       5
       4
       2
       3
       1
       0
       2
       3
       3
       2
       2
       2
       2
       5
       1
       1
       1
       2
       1
       4
       1
       5
       1
       3
       0
       0
       2
       2
       1
       4
       3
       0
       1
       1
       2
       1
       2
       2
       1
       2
       3
       1
       4
       0
       0
       0
       1
       1
       0
       1
       0
       0
       2
       1
       1
       3
       1
       2
       1
       2
       2
       2
       2
       2
       2
       0
       1
       0
       2
       1
       1
       0
       1
       0
       2
       3
       0
       1
       0
       1
       1
       0
       3
       2
       0
       0
       1
       2
       2
       0
       4
       0
       0
       1
       3
       1
       0
       1
       2
       0
       3
       0
       0
       1
       1
       1
       0
       1
       1
       0
       0
       1
       2
       0
       0
       2
       0
       1
       0
       2
       3
       0
       0
       1
       0
       0
       2
       1
       0
       2
       1
       1
       1
       0
       2
       0
       1
       0
       2
       0
       0
       1
       3
       0
       1
       0
       0
       2
       0
       1
       0
       0
       1
       2
       0
       0
       0
       0
       0
       0
       0
       0
       0
       1
       0
       0
       0
       0
       0
       0
       0
       0
       0
       0
       0
       0
       0
       0
       0
       0
       0
       1
       0
       0
       0
       0
       0
       0
       0
       0
       0
       0
       0
       0
       0
       0
       0
       0
       0
       0
       0
       0
       1
       0
       0
       0
       0
       0
       0
       0
       0
       0
       0
       0
       0
       0
       0
       0
       0
       0
       0
       0
       0
       0
       0
       0
       0
       0
       0
       0
       0
       0
       0
       0
       0
       0
       0
       0
       0
       0
       0
       0
       0
       0
       0
       0
       0
       0
       0
       0
       0
       0
       0
       0
       0
       0
       0
       0
       0
       0
       0
       0
       0
       0
       0
       0
       0
       0
       0
       0
       0
       0
       0
       0
       0
       0
       0
       0
       0
       0
       0
       0
       0
       0
       0
       0
       0
       0
       0
       0
       0
       0
       0
       0
       0
       0
       0
       0
       0
       0
       0
       0
       0
       0
       0
       0
       0
       0
       0
       0
       0
       0
       0
       0
       0
       1
       0
       0
       0
       0
       0
       0
       0
       0
       0
       0
       0
       0
       0
       0
       0
       0
       0
       0
       0
       0
       0
       0
       0
       0
       0
       0
       0
       0
       0
       0
       0
       0
       0
       0
       0
       0
       0
       0
       0
       0
       0
       0
       0
       0
       0
       0
       0
       0
       0
       0
       0
       0
       0
       0
       0
       0
       0
       0
       0
       0
       0
       0
       0
       0
       0
       0
       0
       0
       0
       0
       0
       0
       0
       0
       0
       0
       0
       0
       0
       0
       0
       0
       0
       0
       0
       0
       0
       0
       0
       0
       0
       0
       0
       0
       0
       0
       0
       0
       0
       0
       0
       0
       0
       0
       0
       0
       0
       0
       0
       0
       0
       0
       0
       0
       0
       0
       0
       0
       0
       0
       0
       0
       0
       0
       0
       0
       0
       0
       0
       0
       0
       0
       0
       0
       0
       0
       0
       0
       0
       0
       0
       0
       0
       0
       0
       0
       0
       0
       0
       0
       0
       0
       0
       0
       0
       0
       0
       0
       0
       0
       0
       0
       0
       0
       0
       0
       0
       0
       0
       0
       0
       0
       0
       0
       0
       0
       0
       0
       0
       0
       0
       0
       0
       0
       0
       0
       0
       0
       0
       0
       0
$ROI:
3
1571 1864
2782 3142
3156 3567
$PRESETS:
None
0
0
$ENER_FIT:
0.000000 0.000000
$MCA_CAL:
3
0.000000E+000 0.000000E+000 0.000000E+000 
$SHAPE_CAL:
3
0.000000E+000 0.000000E+000 0.000000E+000
