$SPEC_ID:
No sample description was entered.
$SPEC_REM:
DET# 1
DETDESC# FSGUNIV-O93LS3D Easy-MCA-8k SN 17088661
AP# Maestro Version 7.01
$DATE_MEA:
01/27/2020 17:17:26
$MEAS_TIM:
417 419
$DATA:
0 4095
       0
       0
       0
       0
       0
       0
       0
       0
       2
       0
       0
       0
       0
       0
       1
       0
       1
       1
       0
       1
       1
       1
       0
       1
       1
       0
       0
       1
       1
      56
      89
      91
      87
     100
      82
      74
      74
      91
      84
      89
      86
      69
      91
      86
      95
      91
      89
      95
      82
      87
      76
      91
      88
     104
     111
     102
      80
      78
      84
      95
     105
      83
      96
     110
      94
      88
      96
      84
      87
      96
      85
     100
      97
      92
     106
     112
     108
     130
     121
     134
     127
     133
     157
     152
     151
     145
     169
     181
     175
     171
     175
     171
     187
     178
     162
     171
     162
     152
     137
     132
     137
     137
     129
     125
     122
     131
     113
     103
     120
     105
      92
     115
     110
     121
     105
      99
     104
     105
     108
     109
     112
      91
      90
     111
      83
     110
      97
     115
     105
     127
     102
     102
      97
     103
      89
      83
     100
      95
     101
     116
     122
     107
     129
      89
     101
     102
      85
     104
      81
      98
      86
      86
     108
      98
      99
      99
      92
      93
      99
     108
     110
     114
     110
      77
     107
     103
      92
     112
     108
     107
     107
      93
      99
     102
      93
      92
      98
     118
      94
      92
      98
     115
     108
     108
     102
     105
     100
     112
      99
     109
     126
     146
     129
     129
     120
     134
     129
     154
     143
     157
     150
     156
     147
     189
     187
     169
     165
     182
     199
     163
     191
     220
     185
     194
     182
     195
     204
     205
     203
     170
     200
     233
     192
     179
     172
     162
     168
     155
     173
     159
     155
     159
     185
     145
     143
     154
     161
     136
     137
     154
     150
     162
     125
     131
     131
     136
     125
     147
     124
     122
     132
     120
     133
     103
     130
     124
     102
     121
     114
     118
     111
     116
     104
     114
     109
     123
     109
     116
     105
     105
      98
      92
      95
     117
      83
      95
      95
      99
      87
      98
      99
     103
      94
     100
      73
      95
      93
      97
     114
     105
      96
     102
      99
      97
      88
      79
      79
      94
      97
      93
      95
      75
      90
      89
      88
     116
     100
      86
     101
      91
      91
      96
      83
      84
      93
     107
      98
     101
      98
     103
     100
      94
      81
     109
      82
      95
     101
     112
     102
     103
     113
      98
      99
      93
     115
      99
     102
      95
     101
     120
     122
     114
      95
      95
     102
     116
     108
     120
      93
      85
     110
      97
      94
      87
     100
      96
      97
     109
     118
      95
     105
     108
     102
      91
     102
     104
      86
     116
      94
      97
     106
     106
      99
     102
      92
      96
     101
      86
     116
     115
      91
     113
      81
     100
      91
      97
     113
     105
      89
      96
      80
     109
      86
     103
     116
      84
      96
      95
      80
     106
     102
     108
     118
      90
      81
     104
     106
      88
      94
      92
      94
     105
      90
     113
     111
      90
     105
     110
     103
      97
      88
      93
      85
     109
     100
      89
     104
     116
      99
     105
     100
      87
     100
      97
      93
     110
      95
      90
      91
     109
     100
     112
     107
      96
     100
     104
      99
     111
     114
     101
     103
      91
     108
     108
     100
     120
     107
     102
     116
     104
      95
     101
     123
     112
     106
     112
     109
     115
     120
     114
      97
     107
     114
     119
      83
      96
     113
     103
     110
     129
      92
     117
      97
      98
     104
     103
     119
      99
     123
      98
     125
     117
     106
     107
     117
     102
      97
     112
     103
     125
      98
     122
     122
     108
     107
     119
     112
     108
     121
      96
     121
     124
     139
     124
     121
     112
      84
     126
     115
     126
     102
     111
     112
     110
     109
      99
     115
     107
     120
     104
      96
     105
     115
     101
     114
     121
     138
      96
     142
     128
     130
     120
     102
     118
     108
     135
     111
     118
     129
     126
     114
     116
     111
     118
     120
     107
     126
     114
     111
     126
     123
     130
     138
     126
     117
     114
      99
     140
     116
     117
     137
     116
     103
     107
     121
     126
     126
     127
     130
     117
     120
     120
     119
     122
     139
     126
     112
     113
     139
     134
     118
     116
     131
     108
     141
     138
     118
     116
     131
     118
     131
     114
     111
     117
     122
     126
     112
     149
     115
     121
     120
     123
     125
     138
     134
     129
     124
     121
     145
     129
     122
     126
     113
     108
     115
     136
     118
     112
     113
     123
     106
     119
     117
     101
     120
     112
     105
     107
     126
     127
     110
     126
     135
     121
     129
      95
     121
     110
     119
     119
     108
     132
     119
     113
     116
     109
     139
     105
     122
     114
     122
     119
     103
     133
     132
     119
     121
     115
     107
     112
     120
     138
     105
     105
     117
     111
     100
     118
     124
     107
     107
     110
     110
     116
     118
     141
     112
     124
     118
     120
     125
     121
      92
     148
     102
     111
     106
      98
     108
     117
     107
     124
     131
     102
     122
     131
     117
     105
     115
     113
     119
     131
     116
     119
      92
     102
     120
     129
     109
     115
     111
     108
     136
     110
     103
     121
     120
     107
      99
     132
     131
     109
      92
     114
     121
     100
     136
     103
     117
      96
     103
     110
      97
     109
     104
     116
     119
     124
     116
     116
     101
     117
     110
      90
     111
     105
     107
      92
     121
     104
     105
     120
     101
     108
      98
     106
     114
     112
     100
      91
     100
     105
      99
     113
     119
     105
     101
     119
     115
      96
      99
     116
     130
     103
     108
     103
     122
      97
     109
     109
      88
     113
     106
     117
     112
      96
     109
     111
     118
     102
     115
     117
     114
     100
      91
      83
      95
     111
     125
     112
      96
      99
     105
     100
     109
      99
      97
     107
     125
     100
     121
     115
      94
     101
      99
     112
     106
     118
     105
     112
     122
     101
     104
      93
     122
     105
     108
     106
     102
      87
     105
     100
     103
     100
      93
     144
     112
     100
     112
     109
     112
     110
     122
      93
     107
      92
     108
     115
     105
     120
     103
     110
      92
     107
      97
      98
     116
     118
     114
     100
      98
      90
     131
      98
     117
     105
     109
      97
     115
     111
     113
      87
     116
     106
     122
      89
     103
     103
     116
      94
      78
      95
     112
     100
     105
      91
     104
     107
     119
      97
      96
     100
      91
      93
     122
     115
     104
     109
     107
      82
     104
      95
     107
      94
      98
      87
      90
      81
     118
      97
     103
      98
     101
      92
     109
      97
     115
      91
      83
      99
     112
      97
     111
      83
      95
     102
      91
      88
      92
     101
     102
      97
     102
      95
      98
      95
     118
      95
      82
      93
      88
     111
     117
      82
      94
     110
      87
      82
      93
      93
      94
      97
      85
      90
      95
     104
      99
     114
      98
     103
      99
      89
      94
      95
     110
      82
      85
      86
     104
     100
     105
      91
      85
      90
     115
      99
      94
      99
      96
      93
      90
     104
      65
     111
     111
      77
      99
      98
      92
      90
     103
      96
      97
      97
      92
      94
      92
     110
      79
      91
      99
      92
     103
     101
     100
      87
      91
     110
      92
      99
      98
      97
      99
      95
      96
     113
      90
      97
     103
      68
      88
      81
      86
      95
      99
      84
      89
      99
      88
      91
      87
     103
      92
      96
      94
      91
      93
      91
     105
      85
      66
      99
     106
      81
      97
     102
      98
      97
      89
      74
      75
      84
      96
      93
     102
      73
      96
     105
      81
      81
      81
      94
      88
      89
      96
      86
      90
      84
     115
      84
      82
      87
      99
      81
      90
      91
      88
      78
      87
      92
      93
     106
      99
      83
      94
     100
      77
     107
      87
      91
      89
      96
      86
      91
      95
      79
      99
      86
      90
      71
      91
      76
      95
      76
      85
      84
      79
     107
      81
     102
      94
      81
      82
      93
     110
      92
      95
      83
      91
      98
      86
      74
      82
      97
      97
      95
      82
      99
     103
      80
     102
      95
     100
     105
      91
      72
      83
      84
     102
      87
      80
      92
      75
      87
      97
      73
      94
      95
     104
      89
      87
      90
      92
      87
      76
      83
      91
      89
     103
      80
     104
     103
      96
      83
     104
      93
      88
     101
      84
      89
      78
      85
     102
     103
      70
      84
      79
      75
      92
      99
      87
      84
      88
     102
      87
      78
      86
     104
      90
     102
      94
      91
      83
     106
      78
      92
      91
      89
      86
      93
      89
      89
      99
      87
     104
     100
      72
      91
      84
      94
      88
      69
      92
     101
      86
      90
     106
      87
      85
      73
      77
      93
      97
     103
      85
      89
      98
      97
      84
      99
      82
      95
      97
      97
      94
     110
      80
      87
      90
      92
      95
      97
      96
     102
     114
     105
      97
     113
     117
     110
     102
     104
     100
     102
     113
     113
     102
     107
     124
     106
     105
     130
     126
     133
     112
     124
     137
     140
     118
     128
     140
     132
     148
     149
     142
     143
     145
     138
     149
     143
     159
     156
     143
     148
     146
     162
     155
     146
     137
     141
     179
     161
     151
     159
     166
     147
     140
     146
     169
     189
     166
     184
     172
     182
     172
     183
     176
     172
     193
     168
     167
     194
     175
     184
     210
     181
     185
     168
     201
     202
     176
     186
     173
     197
     205
     195
     206
     184
     179
     186
     199
     207
     186
     208
     188
     223
     185
     185
     176
     208
     194
     207
     202
     187
     163
     189
     195
     207
     212
     202
     171
     208
     170
     182
     199
     184
     200
     180
     219
     202
     160
     186
     197
     169
     166
     178
     180
     167
     174
     166
     164
     152
     171
     168
     160
     170
     176
     138
     160
     142
     144
     145
     145
     136
     136
     154
     132
     126
     120
     138
     139
     139
     128
     137
     127
     134
     109
     108
     130
     138
     134
     108
     132
     100
     107
     102
      95
     109
      94
     121
      97
     103
      76
     102
     101
     110
      91
      98
      92
     101
      93
     100
      87
      91
      91
      91
      96
      78
      95
      69
      78
      73
      93
      79
      76
      75
      70
      75
      89
      85
      85
      83
      74
      64
      87
      78
      78
      65
      71
      87
      79
      68
      69
      71
      72
      61
      85
      79
      62
      62
      80
      81
      64
      59
      63
      63
      74
      58
      78
      60
      69
      52
      59
      72
      67
      62
      78
      66
      69
      67
      66
      80
      62
      69
      60
      58
      56
      76
      56
      69
      63
      74
      69
      72
      69
      83
      68
      72
      79
      78
      65
      69
      62
      64
      69
      64
      62
      80
      67
      68
      79
      80
      68
      59
      60
      62
      80
      76
      59
      73
      57
      76
      62
      73
      70
      77
      72
      66
      63
      60
      80
      84
      78
      77
      63
      70
      50
      69
      83
      66
      60
      71
      64
      64
      78
      74
      68
      57
      72
      85
      71
      71
      53
      71
      67
      70
      79
      63
      76
      70
      67
      65
      78
      66
      62
      67
      62
      75
      60
      60
      67
      76
      87
      81
      64
      75
      78
      74
      83
      76
      56
      58
      92
      76
      71
      92
      67
      63
      66
      74
      84
      80
      90
      79
      72
      83
      73
      83
      78
      82
      65
      68
      81
      89
      80
      76
      69
      85
      84
      80
      85
      86
      68
      70
      95
      92
      87
      93
      86
      75
      83
     101
      92
      91
      80
      97
     101
      88
      93
      90
      84
     101
     111
      97
      96
     100
     117
     100
     108
      88
     103
      93
     104
     115
     111
     117
     107
      93
     110
     108
     107
     135
     122
     103
     108
     113
     114
     116
     110
     121
     117
     133
     129
     129
     114
     129
     120
     136
     139
     135
     121
     138
     149
     125
     144
     151
     162
     137
     124
     118
     146
     139
     114
     139
     127
     152
     132
     164
     138
     131
     130
     144
     138
     145
     146
     147
     140
     147
     149
     161
     160
     142
     145
     144
     134
     143
     158
     125
     164
     150
     132
     160
     147
     169
     129
     168
     170
     142
     142
     151
     127
     161
     144
     167
     133
     142
     149
     125
     146
     152
     142
     158
     151
     140
     144
     144
     134
     154
     149
     131
     125
     131
     134
     132
     136
     138
     119
     126
     128
     110
     151
     117
     137
     124
     123
     115
     133
     122
     124
     120
     133
     129
     119
     130
     111
     106
     117
     115
     115
     118
     113
     108
     120
     103
     121
     114
     103
      97
      97
     120
      94
      87
     106
      86
      97
     110
      88
      93
      81
      76
     104
      84
      88
      87
      99
      86
      86
      88
      81
      83
      70
      87
     106
      81
      79
      76
     101
      67
      76
      80
      73
      82
      73
      78
      71
      69
      68
      72
      82
      76
      71
      77
      69
      63
      77
      61
      65
      62
      85
      69
      80
      61
      62
      58
      66
      74
      59
      59
      63
      61
      60
      59
      73
      63
      65
      92
      67
      55
      81
      55
      71
      63
      67
      55
      65
      72
      45
      66
      61
      69
      58
      59
      61
      62
      51
      56
      60
      49
      57
      60
      60
      54
      66
      72
      55
      61
      68
      62
      65
      58
      77
      62
      57
      68
      53
      68
      54
      73
      66
      67
      56
      55
      51
      62
      46
      68
      62
      62
      60
      56
      69
      58
      44
      49
      65
      61
      63
      55
      67
      59
      61
      67
      65
      83
      62
      64
      58
      66
      55
      44
      52
      68
      66
      69
      64
      62
      46
      68
      56
      62
      57
      57
      45
      62
      52
      81
      59
      58
      55
      52
      64
      60
      68
      54
      49
      68
      64
      65
      66
      66
      64
      56
      74
      66
      69
      65
      57
      49
      72
      70
      68
      60
      70
      48
      61
      64
      61
      62
      64
      60
      67
      64
      67
      60
      69
      63
      57
      61
      68
      74
      52
      69
      64
      62
      69
      61
      52
      62
      48
      70
      58
      73
      50
      71
      69
      63
      53
      56
      67
      58
      60
      68
      73
      58
      67
      46
      56
      61
      50
      63
      74
      72
      67
      63
      66
      68
      71
      55
      59
      54
      60
      63
      63
      59
      64
      60
      56
      69
      55
      70
      65
      53
      67
      72
      72
      61
      61
      61
      66
      65
      54
      63
      52
      60
      58
      47
      60
      60
      65
      49
      68
      66
      56
      68
      58
      66
      74
      60
      75
      60
      45
      53
      66
      71
      67
      60
      73
      69
      65
      61
      79
      58
      63
      63
      61
      65
      58
      54
      64
      57
      79
      69
      64
      57
      74
      57
      52
      66
      77
      65
      66
      54
      62
      55
      59
      47
      66
      61
      73
      75
      64
      64
      62
      61
      70
      59
      67
      76
      75
      69
      79
      66
      51
      48
      70
      53
      81
      55
      70
      55
      65
      64
      58
      68
      68
      56
      57
      69
      63
      69
      55
      68
      72
      60
      82
      76
      57
      79
      66
      72
      56
      71
      69
      64
      63
      78
      63
      61
      56
      58
      59
      56
      55
      68
      67
      62
      61
      62
      60
      69
      65
      64
      64
      62
      75
      70
      67
      65
      56
      59
      55
      76
      68
      55
      64
      67
      69
      72
      75
      74
      72
      58
      63
      74
      74
      68
      57
      59
      59
      51
      63
      57
      51
      67
      77
      75
      61
      65
      63
      81
      68
      63
      71
      54
      64
      66
      62
      58
      63
      74
      75
      61
      75
      78
      64
      67
      52
      75
      73
      71
      83
      69
      65
      66
      55
      69
      54
      44
      60
      61
      57
      48
      59
      62
      66
      74
      59
      63
      66
      77
      61
      66
      75
      43
      67
      70
      71
      63
      67
      64
      57
      51
      78
      65
      56
      67
      57
      76
      74
      63
      83
      65
      83
      59
      61
      63
      63
      75
      79
      57
      67
      63
      68
      61
      59
      78
      68
      66
      72
      65
      61
      66
      60
      62
      69
      63
      79
      58
      70
      66
      64
      65
      77
      58
      73
      69
      71
      83
      73
      63
      71
      55
      77
      77
      70
      69
      73
      59
      76
      65
      72
      67
      75
      68
      57
      70
      79
      63
      78
      76
      71
      61
      67
      57
      58
      82
      71
      68
      68
      70
      64
      78
      58
      55
      59
      55
      65
      74
      66
      50
      68
      67
      67
      80
      44
      61
      66
      66
      67
      57
      64
      70
      53
      66
      72
      59
      63
      69
      66
      68
      57
      64
      63
      64
      60
      63
      71
      59
      73
      64
      74
      55
      88
      70
      64
      63
      85
      54
      62
      68
      63
      66
      55
      64
      56
      51
      50
      58
      57
      56
      68
      66
      74
      41
      58
      64
      59
      63
      60
      62
      54
      74
      75
      55
      62
      50
      52
      63
      59
      62
      73
      65
      41
      64
      64
      60
      51
      60
      58
      66
      81
      54
      53
      51
      48
      62
      62
      59
      62
      58
      65
      49
      50
      55
      53
      63
      52
      68
      45
      58
      49
      54
      64
      63
      44
      54
      48
      70
      56
      49
      51
      58
      50
      66
      50
      61
      46
      57
      45
      68
      58
      55
      50
      43
      45
      50
      31
      54
      45
      47
      50
      46
      46
      61
      50
      43
      48
      41
      52
      45
      53
      61
      52
      55
      46
      47
      48
      46
      57
      51
      46
      46
      57
      42
      46
      46
      35
      54
      59
      56
      53
      51
      46
      51
      50
      50
      62
      51
      40
      45
      45
      38
      45
      48
      53
      51
      52
      40
      42
      43
      46
      33
      41
      47
      48
      40
      53
      39
      42
      54
      53
      56
      52
      43
      48
      41
      41
      43
      48
      47
      46
      35
      41
      38
      35
      50
      34
      47
      38
      39
      46
      46
      49
      58
      40
      33
      50
      44
      41
      45
      49
      54
      47
      40
      54
      41
      43
      46
      48
      37
      40
      39
      38
      48
      36
      44
      36
      43
      38
      45
      56
      46
      40
      44
      50
      57
      38
      40
      50
      37
      49
      39
      52
      47
      44
      41
      50
      39
      41
      47
      35
      42
      44
      47
      52
      34
      33
      48
      52
      42
      35
      45
      39
      49
      47
      50
      32
      61
      52
      39
      38
      39
      39
      30
      46
      47
      38
      36
      50
      36
      46
      43
      32
      44
      37
      32
      53
      34
      40
      35
      31
      42
      37
      43
      35
      41
      40
      41
      45
      32
      43
      47
      47
      37
      54
      38
      36
      34
      32
      48
      34
      29
      41
      35
      49
      40
      36
      40
      39
      50
      35
      42
      36
      43
      38
      26
      45
      40
      43
      44
      42
      37
      44
      46
      32
      40
      32
      43
      41
      32
      39
      36
      44
      33
      50
      30
      37
      38
      36
      36
      35
      43
      32
      42
      44
      47
      40
      48
      49
      45
      34
      33
      40
      44
      33
      34
      43
      40
      30
      51
      50
      43
      44
      44
      32
      45
      34
      36
      30
      33
      45
      41
      39
      40
      48
      39
      36
      25
      34
      41
      30
      47
      37
      37
      33
      40
      24
      40
      33
      41
      48
      34
      30
      49
      34
      35
      45
      31
      33
      31
      32
      49
      50
      26
      40
      38
      45
      43
      36
      45
      30
      36
      40
      29
      25
      43
      36
      35
      43
      35
      41
      32
      44
      30
      37
      31
      40
      30
      45
      46
      37
      38
      33
      33
      45
      33
      43
      39
      40
      43
      40
      39
      41
      39
      37
      46
      42
      46
      45
      41
      49
      36
      44
      47
      37
      45
      59
      46
      48
      53
      40
      53
      29
      52
      41
      63
      56
      47
      43
      50
      45
      47
      52
      49
      45
      53
      59
      51
      41
      57
      54
      49
      58
      67
      57
      66
      66
      42
      56
      63
      56
      58
      71
      48
      68
      73
      61
      75
      66
      56
      79
      71
      88
      79
      73
      75
      82
      77
      77
      79
      70
      92
      86
      69
      82
      90
      77
      75
      87
      86
      72
      90
      93
      88
      97
      81
      79
     105
      87
      73
      96
      87
      90
      80
      75
     116
     101
      78
     113
     109
     105
      94
      85
      99
     108
      95
     101
      93
     122
     112
     114
     109
      94
     128
     137
     118
     110
     119
     100
     132
     137
     118
     130
     124
     113
     130
     105
     116
     109
     126
     115
     111
     128
     131
     145
     144
     129
     158
     112
     164
     136
     144
     144
     116
     118
     130
     128
     134
     127
     163
     118
     132
     145
     125
     138
     132
     141
     138
     125
     138
     139
     130
     133
     119
     109
     135
     124
     141
     126
     126
     138
     143
     134
     130
     134
     119
     120
     126
     123
     128
     119
     145
     145
     133
     152
     113
     138
     114
     111
     136
     142
     128
     135
     128
     114
     132
     110
     118
     109
     101
     105
     122
     130
     139
     130
     149
      99
      98
     117
     115
     113
     112
     108
      93
      88
      97
     104
      90
     104
      96
      98
     103
     101
     107
     109
     104
      92
      95
      85
      87
     117
     101
      86
      93
      97
      84
      87
      61
      82
      83
      74
      91
      80
      72
      70
      77
      71
      77
      67
      82
      70
      71
      65
      76
      74
      76
      62
      72
      55
      80
      50
      54
      68
      62
      56
      59
      65
      61
      58
      48
      54
      60
      51
      63
      55
      65
      51
      46
      44
      46
      45
      60
      49
      52
      37
      60
      45
      47
      45
      42
      48
      43
      43
      51
      38
      46
      43
      33
      46
      55
      42
      27
      44
      47
      39
      33
      33
      41
      26
      38
      30
      35
      31
      30
      38
      26
      22
      39
      30
      32
      28
      36
      33
      37
      27
      24
      29
      39
      34
      32
      35
      35
      21
      39
      36
      21
      32
      25
      34
      33
      39
      27
      31
      37
      37
      30
      23
      29
      23
      32
      39
      30
      36
      27
      37
      24
      34
      37
      42
      34
      33
      36
      32
      55
      25
      39
      29
      40
      31
      33
      33
      38
      29
      32
      39
      44
      23
      31
      41
      32
      37
      37
      35
      31
      34
      24
      53
      36
      42
      34
      38
      36
      35
      37
      39
      43
      35
      46
      47
      43
      41
      49
      33
      39
      55
      27
      44
      47
      40
      48
      43
      44
      37
      39
      67
      51
      64
      44
      64
      58
      58
      64
      49
      46
      47
      66
      53
      57
      58
      56
      68
      67
      50
      59
      63
      54
      78
      65
      50
      55
      61
      67
      80
      65
      67
      75
      70
      69
      68
      58
      63
      70
      73
      59
      74
      74
      88
      75
      71
      69
      72
      74
      61
     101
      82
      81
      66
      74
      96
      89
      96
      96
      78
      72
      82
      75
      87
      80
      84
      77
      88
      75
      78
      86
      77
      93
      83
      93
      90
      93
      80
      73
      93
      92
     100
      84
     105
      88
      88
     101
      96
     104
     105
      86
      93
     108
      98
     104
     112
     114
     111
     100
      99
     111
     103
     103
     109
     101
      94
     101
      90
     104
      95
     120
      98
     103
      96
     106
     101
     103
      98
     101
     110
     106
      99
     114
     105
     109
      88
     107
     111
     104
     106
     102
      97
     110
     117
     108
     107
      91
      85
     123
      97
     107
     112
      99
     124
     111
      98
      94
     108
     100
     105
      86
      90
     111
      99
      87
     102
      96
      95
      96
     114
     108
      99
      88
      91
      82
      89
      84
     101
      94
      93
      77
      87
      96
     100
      96
      94
      99
      84
      85
      93
      65
      98
      77
      82
     103
      78
      88
      80
      65
      79
      79
      92
      94
      77
      82
      79
      83
      70
      63
      70
      65
      64
      89
      65
      72
      80
      67
      69
      77
      72
      69
      71
      58
      70
      53
      60
      63
      70
      52
      53
      60
      58
      58
      45
      58
      43
      62
      65
      48
      49
      53
      51
      44
      48
      46
      45
      57
      48
      46
      57
      44
      48
      41
      33
      48
      54
      32
      52
      28
      27
      32
      34
      36
      38
      34
      49
      27
      29
      35
      19
      19
      42
      40
      22
      30
      27
      14
      30
      18
      29
      25
      20
      24
      23
      26
      31
      30
      21
      28
      19
      19
      16
      19
      19
      20
      23
      24
      18
      16
      17
      20
      15
      12
      12
      23
      13
      12
      19
       5
      13
      13
      14
      17
      13
      10
       7
       8
      10
       8
       9
       7
       8
       3
       7
       2
       7
       4
      12
       6
      12
       6
      10
       8
       4
      10
       4
       8
       5
       8
      12
       6
       7
       6
       2
       7
       5
       7
       2
       4
       5
       6
      12
       3
       2
       6
       4
       3
       2
       1
       5
       1
       0
       2
       7
       2
       3
       4
       2
       3
       2
       2
       6
       1
       3
       7
       0
       5
       5
       2
       3
       4
       0
       2
       3
       3
       2
       2
       2
       2
       5
       2
       2
       2
       2
       1
       4
       1
       5
       2
       3
       1
       0
       2
       3
       1
       4
       3
       0
       1
       1
       2
       1
       2
       3
       1
       2
       3
       1
       4
       1
       1
       1
       1
       1
       0
       2
       0
       0
       2
       4
       2
       3
       1
       2
       1
       3
       2
       3
       2
       2
       2
       0
       1
       0
       2
       1
       1
       0
       1
       0
       2
       3
       2
       1
       2
       1
       2
       0
       3
       3
       0
       0
       1
       2
       2
       0
       4
       0
       0
       1
       3
       2
       0
       1
       3
       2
       3
       0
       0
       1
       1
       1
       1
       1
       2
       0
       0
       1
       3
       1
       0
       2
       0
       1
       0
       2
       4
       0
       0
       1
       0
       0
       2
       2
       0
       2
       1
       1
       1
       0
       2
       0
       1
       0
       2
       0
       0
       1
       3
       0
       1
       0
       0
       3
       0
       1
       0
       0
       1
       2
       0
       0
       0
       0
       0
       0
       0
       0
       0
       1
       0
       0
       0
       0
       0
       0
       0
       0
       0
       0
       0
       0
       0
       0
       0
       0
       0
       1
       0
       0
       0
       0
       0
       0
       0
       0
       0
       0
       0
       0
       0
       0
       0
       0
       0
       0
       0
       0
       1
       1
       0
       0
       0
       0
       0
       0
       0
       0
       0
       0
       0
       0
       0
       0
       0
       0
       0
       0
       0
       0
       0
       0
       0
       0
       0
       0
       0
       0
       0
       0
       0
       0
       0
       0
       0
       0
       0
       0
       0
       0
       1
       0
       0
       0
       0
       0
       0
       0
       0
       0
       0
       0
       0
       0
       0
       0
       0
       0
       0
       0
       0
       0
       0
       0
       0
       0
       0
       0
       0
       0
       0
       0
       0
       0
       0
       0
       0
       0
       0
       0
       0
       0
       0
       0
       0
       0
       0
       0
       0
       0
       0
       0
       0
       0
       0
       0
       0
       0
       0
       0
       0
       0
       0
       0
       0
       0
       0
       0
       0
       0
       0
       1
       0
       0
       0
       0
       0
       0
       0
       0
       0
       0
       0
       0
       0
       0
       0
       0
       0
       0
       0
       0
       0
       0
       0
       0
       0
       0
       0
       0
       0
       0
       0
       0
       0
       0
       0
       0
       0
       0
       0
       0
       0
       0
       0
       0
       0
       0
       0
       0
       0
       0
       0
       0
       0
       0
       0
       0
       0
       0
       0
       0
       0
       0
       0
       0
       0
       0
       0
       0
       0
       0
       0
       0
       0
       0
       0
       0
       0
       0
       0
       0
       0
       0
       0
       0
       0
       0
       0
       0
       0
       0
       0
       0
       0
       0
       0
       0
       0
       0
       0
       0
       0
       0
       0
       0
       0
       0
       0
       0
       0
       0
       0
       0
       0
       0
       0
       0
       0
       0
       0
       0
       0
       0
       0
       0
       0
       0
       0
       0
       0
       0
       0
       0
       0
       0
       0
       0
       0
       0
       0
       0
       0
       0
       0
       0
       0
       0
       0
       0
       0
       0
       0
       0
       0
       0
       0
       0
       0
       0
       0
       0
       0
       0
       0
       0
       0
       0
       0
       0
       0
       0
       0
       0
       0
       0
       0
       0
       0
       0
       0
       0
       0
       0
       0
       0
       0
       0
       0
       0
       0
       0
       0
$ROI:
4
1199 1483
1571 1864
2782 3142
3156 3567
$PRESETS:
None
0
0
$ENER_FIT:
0.000000 0.000000
$MCA_CAL:
3
0.000000E+000 0.000000E+000 0.000000E+000 
$SHAPE_CAL:
3
0.000000E+000 0.000000E+000 0.000000E+000
