$SPEC_ID:
No sample description was entered.
$SPEC_REM:
DET# 1
DETDESC# FSGUNIV-O93LS3D Easy-MCA-8k SN 17088661
AP# Maestro Version 7.01
$DATE_MEA:
01/27/2020 16:16:33
$MEAS_TIM:
152 152
$DATA:
0 4095
       0
       0
       0
       0
       0
       0
       0
       0
       0
       0
       0
       0
       0
       0
       0
       0
       0
       0
       0
       0
       0
       0
       0
       0
       0
       0
       0
       0
       0
       2
      14
       9
      10
       8
       9
       7
       8
       4
       5
       7
      13
      10
      15
       4
       9
       4
       7
       4
       6
       6
       7
       7
       5
      11
       4
      10
       8
       6
       2
       8
       6
       9
       3
       9
       7
       3
       9
       7
       2
       5
       9
       7
       7
       5
       5
       7
       8
       1
       6
       3
       5
       9
      15
       6
       7
       9
       3
      12
       5
       6
       9
       6
       8
       4
       5
       7
      11
       9
      13
      20
      16
      15
      16
      21
      22
      16
      35
      30
      30
      36
      41
      39
      38
      29
      38
      38
      33
      45
      42
      45
      41
      40
      26
      38
      42
      31
      33
      32
      21
      22
      31
      26
      18
      21
      18
      17
      11
      13
      21
      12
      17
      10
      14
      14
      10
       9
       8
      10
      10
       8
       9
       7
      10
      12
      10
       8
       8
      12
       5
       5
       9
      14
      10
      10
      11
       6
       7
       6
       6
      10
      11
       6
       9
       7
      16
       7
       9
       8
       6
      10
      10
       8
      10
       9
       9
      13
       5
       9
       4
       7
      13
      11
       7
       7
       7
       8
       9
       4
      10
       8
      10
      13
      10
      13
      12
       6
       6
       7
       7
       9
      12
      10
       6
       6
       8
      10
       6
       9
       5
      13
      12
      10
       6
       8
       7
       8
       6
       2
      10
       9
       6
      11
       8
       6
      12
       7
      14
      10
      11
      17
      14
      16
      12
      13
      15
      16
      21
      15
      10
      12
      15
      16
      12
      17
      13
      19
       9
      11
      17
      15
      25
      17
      18
      15
      16
       9
      18
      11
      19
      13
      13
      16
      16
      22
      15
       9
      16
      16
      10
      10
      21
      19
      10
      11
      18
       9
       8
      16
      14
      11
       5
      14
       6
      11
      13
       7
      10
       5
       8
      12
      10
      27
      13
       6
      12
       8
      11
       8
      11
      10
       7
      11
      11
       9
       4
      14
      16
      10
      11
      12
       8
       8
       9
      12
      10
       9
       8
       7
       6
      11
       8
       7
       7
       9
      11
      10
       8
      10
       5
       8
       9
       6
      10
       3
       6
       8
       6
       8
       8
       8
       7
       7
      10
       2
      13
       5
       9
       3
      10
       3
      14
       4
       8
       8
      11
      10
       4
       8
       9
       6
       2
       9
      10
      10
      10
       9
      10
       6
       8
       8
       7
      10
       7
      13
      13
       9
       8
      11
       4
      10
       7
      12
       3
       5
       4
      14
       9
      15
      11
      12
       4
       8
       6
       9
       6
       8
       6
       5
       3
       5
       6
      14
       7
      11
       9
       5
       6
      11
      16
       8
      12
       9
      11
      10
      11
      13
      10
       8
       6
       7
       5
       7
       7
       4
       4
       6
      11
       5
       6
       7
       7
       8
       6
       7
       5
       7
      11
       7
       7
       9
       5
      10
      12
       6
      14
       7
       6
       5
       8
      10
      11
      14
       2
      15
       9
      10
       6
       9
       7
       8
       8
       8
      11
       5
       8
      11
      11
      10
      12
       7
       6
       4
       9
      11
       6
       7
      12
      12
       8
      10
      10
      12
       8
       6
       5
       9
      12
       8
       7
       8
       3
      10
      15
       4
      11
      11
       7
      10
      10
       2
       6
       8
       6
       4
       5
       7
       5
       7
       7
       6
      11
      11
       7
       3
       4
       9
       4
       8
       9
       9
       8
       4
       7
      13
       4
      10
      11
       6
      10
      10
       9
       7
      14
       7
       7
       8
       6
       8
       6
      11
      10
       9
       6
       8
      18
       8
      11
      11
      10
       6
       9
       9
       8
       2
      10
      12
      10
       7
      10
       6
       8
       7
      12
       6
      10
       7
      13
       9
      12
       9
       4
       5
      10
      10
       6
      10
      13
      11
       9
       7
      14
       6
       9
      12
      11
      11
       9
       8
       7
       6
      11
      10
      12
      12
       6
       8
      18
       3
       8
      15
      13
       7
      12
      10
      14
       8
      17
      11
      10
      11
      12
      14
      12
      11
      11
       6
      12
       6
       9
      11
       3
       3
      16
      13
       9
      11
      15
       8
      11
       7
      12
       6
      15
      14
      15
      10
       8
      14
      12
      12
       7
      15
      12
       9
      12
      17
       5
      12
      11
      11
      16
       6
      11
       9
       7
      12
      11
       9
       8
       5
      14
      12
       8
      13
       8
       9
      16
       9
      10
       7
      10
       8
       7
       9
       5
       5
      11
       9
      12
      10
       6
      11
      12
       8
       8
       8
      13
       7
      12
      18
      11
       5
       6
      13
      15
       8
       4
       9
       8
       6
       8
      13
       3
       9
       7
       9
      12
       6
       9
      16
      15
       8
      15
       9
      12
       4
      11
      13
      10
       6
      10
      10
      11
       5
       0
       9
      10
       9
       5
       8
       7
       7
      12
      14
      10
      15
       8
       7
       8
       7
       6
       5
      14
       7
      10
      12
       8
      13
       7
       7
       4
       8
       9
       5
      10
      13
       8
      14
       7
      11
      10
       3
      10
       5
      10
      11
      12
       8
      11
       6
       5
       9
      11
       6
       7
       8
       7
       9
      13
       8
      10
      10
       8
      13
      10
       6
      10
       4
       9
       6
       8
       7
      10
       9
       9
       6
       6
       7
      12
       8
      10
       6
       9
      10
       8
       6
       9
      10
       7
      12
      12
       9
       7
       5
      10
      10
       7
       5
       5
       8
       6
      10
       7
      13
       7
       6
      16
      10
       5
       9
      12
       7
       8
      10
      11
       5
       9
       3
       9
      10
       8
       4
       7
      12
      13
       7
       6
      13
      10
      10
       9
      13
       7
       8
       8
      14
       6
      10
      12
       8
       6
      12
      10
       9
       7
      10
       7
       8
       9
       7
       9
       8
       6
       8
       7
      12
      12
      12
      10
       8
       6
       5
      10
       7
       9
       9
       2
       6
       4
       8
      10
       9
       9
      16
       3
       6
      17
       9
      12
       7
      12
       8
       2
      10
       6
       6
      15
       3
       4
       7
       7
      12
       2
       7
      11
       6
      11
       9
       7
      16
       9
       4
       3
      12
      14
       7
      12
      11
      14
      12
      14
      14
       5
      14
      13
       5
       4
      10
      11
      14
       8
       8
      10
      12
      10
      12
       8
      13
      11
       6
       5
      14
       5
       5
      13
      13
       9
      10
       5
      11
       5
      12
       4
       8
      10
       7
      14
       8
       6
       7
      10
       4
       6
       8
       6
       8
       5
       8
       6
      11
       5
      13
      12
       5
      10
       9
      11
      10
      11
       7
       8
      12
       9
      13
       9
       4
      14
      16
       8
      11
      13
      12
      10
      11
       4
       4
      12
       7
       6
      11
      12
       6
       3
       5
      10
       6
      10
      11
       3
       7
      11
      18
      10
      11
       6
       6
      11
       8
       6
       5
       8
      12
      12
      10
       8
       8
      10
       7
       9
      12
       9
       5
       8
      10
      10
      10
       7
      15
       8
       9
       5
       6
       6
       8
       8
       7
      12
       5
      10
       6
       8
      11
      12
      15
       7
       6
       8
      12
       7
      11
       9
       8
       7
       9
      11
       6
       6
       9
       9
       7
      10
       3
      11
       7
      12
      14
       3
      10
      10
      11
      11
      12
       7
       8
       9
       6
       8
       7
       7
       7
       7
      13
       9
       7
       3
       8
       9
       8
       9
       8
       6
       5
      11
      13
       7
      10
      10
      11
      12
      10
       7
       6
      14
      10
       6
      10
       9
       7
      13
      11
       7
       6
      11
       8
       8
      11
       1
       9
      11
       9
       5
       4
       6
       7
       8
       7
       5
       8
      13
      10
       9
       7
      10
       6
       4
       4
      10
       5
       4
       8
      12
       8
       4
      11
       8
       8
       8
       7
       5
       7
       7
       4
       4
       6
       9
      10
      12
       7
      10
       9
       8
       9
      12
       6
      10
      10
       5
       9
      11
       5
       8
       4
       6
      10
      10
       8
       9
      11
       8
       6
       6
      10
      10
      10
      12
       7
      10
       9
       8
      12
      13
      13
      12
       6
       9
       6
       4
       7
       9
       9
       8
       6
       8
       6
      10
      13
       5
       7
       3
      15
       8
       8
       6
      18
       7
      13
      11
       9
       4
      10
       9
       7
      10
       8
       9
       8
       4
       6
      10
      11
      12
       6
       7
       9
      12
       6
      10
      11
       4
       1
       9
       6
       8
       8
       6
       9
       7
       9
       8
       8
       5
       8
       9
       7
      17
       8
      12
       7
       9
       4
       7
       7
       6
       9
      12
      11
       8
       8
       5
       6
      12
       7
      10
       8
       9
       5
      11
      12
      15
      11
       6
      10
      13
      10
      11
       8
      10
      13
      13
       7
      11
       9
       2
      12
       7
       7
       8
       5
       5
       6
      12
       4
       5
       9
       7
      10
       9
      11
      13
       9
       6
      10
      12
       4
       6
       3
      15
       9
      11
       8
       5
       9
      18
       6
      11
      10
       7
      11
      10
       2
       6
       5
       8
       7
       4
       8
      10
       8
       8
       6
      13
      11
      10
       7
       8
      13
       6
       6
       6
       3
       6
       9
       6
      12
       9
      13
       8
       8
       8
       7
       6
      11
       4
       7
       9
       7
       9
      14
       6
       5
       4
      12
       8
       7
       6
       7
       9
      11
       8
       9
       6
       4
       9
      10
      11
       9
      12
       9
      10
      10
       7
       9
       7
       5
       7
       6
       8
       6
       5
      16
      10
       6
       4
       8
       7
      13
       3
       8
       3
      10
      10
       6
       8
       6
       8
       4
       3
       7
       2
       7
       6
       5
       6
       7
       7
       6
       1
       0
       4
       5
       6
       2
       3
       6
       5
       8
       6
       4
       2
       8
       8
       6
       6
       4
       3
       5
       4
       3
       3
       5
       3
       8
       7
       5
       3
       0
       8
       3
       7
      11
       2
       3
       5
       7
       7
       5
       3
       5
       3
       4
       4
       4
       4
       4
       5
       2
       2
      11
       3
       6
       6
       7
       4
       7
       5
       3
      11
       4
       2
       3
       5
       7
       4
       3
       2
       5
       4
       4
       1
       5
       1
       4
       8
       4
       1
       2
       5
       2
       3
       5
       1
       7
       3
       3
       2
       5
       1
       1
       3
       3
       4
       5
       3
       5
       3
       5
       2
       3
       1
       1
       2
       0
       6
       2
       3
       6
       6
       5
       2
       3
       5
       4
       3
       4
       4
       2
       3
       2
       3
       2
       8
       6
       2
       2
       2
       3
       0
       2
       2
       3
       4
       0
       0
       2
       8
       3
       4
       2
       8
       1
       4
       3
       2
       4
       2
       3
       2
       4
       0
       3
       3
       4
       3
       2
       1
       1
       3
       2
       1
       2
       3
       1
       3
       2
       3
       4
       3
       3
       3
       2
       6
       1
       4
       3
       3
       3
       3
       5
       2
       7
       3
       3
       1
       0
       2
       1
       2
       3
       4
       2
       4
       4
       0
       2
       3
       1
       5
       2
       7
       5
       2
       0
       2
       3
       7
       4
       3
       1
       3
       2
       3
       4
       3
       2
       4
       1
       3
       0
       1
       3
       2
       1
       2
       2
       4
       1
       2
       3
       3
       3
       1
       0
       9
       2
       5
       0
       1
       1
       2
       4
       3
       3
       3
       2
       2
       5
       2
       1
       2
       3
       0
       2
       3
       4
       2
       2
       0
       5
       5
       1
       2
       2
       3
       5
       2
       1
       2
       2
       2
       2
       1
       1
       0
       2
       0
       4
       4
       1
       1
       3
       1
       3
       1
       2
       4
       0
       4
       2
       1
       1
       3
       4
       2
       5
       3
       2
       3
       3
       3
       2
       2
       0
       1
       1
       2
       0
       1
       3
       0
       2
       3
       2
       2
       1
       2
       1
       2
       3
       1
       5
       2
       2
       0
       1
       3
       2
       0
       4
       3
       2
       6
       3
       2
       1
       1
       0
       3
       0
       2
       2
       3
       2
       1
       1
       4
       3
       1
       0
       1
       2
       1
       0
       1
       0
       2
       3
       2
       2
       2
       4
       4
       4
       5
       6
       3
       6
       2
       3
       3
       2
       5
       1
       0
       2
       4
       3
       7
       5
       2
       4
       1
       0
       2
       4
       3
       5
       2
       1
       4
       6
       3
       1
       3
       3
       5
       5
       4
       5
       4
       4
       3
       8
       3
       2
       5
       8
       7
       8
       9
       8
       8
       9
       6
       5
       3
       7
       6
      11
       4
       8
      10
       8
       6
      13
       8
       5
       8
       7
      10
       7
       5
      16
       9
       5
      10
       8
       9
      13
      13
      13
      15
       6
      15
      21
       9
      12
      13
      16
      13
      13
      17
      14
       9
      14
      19
      12
      12
      22
      16
      17
      21
      24
      17
      20
      20
      21
      17
      17
      23
      18
      23
      12
      27
      11
      26
      27
      17
      25
      33
      21
      25
      22
      12
      20
      20
      28
      38
      38
      27
      37
      39
      31
      33
      33
      31
      25
      28
      28
      29
      33
      33
      35
      37
      37
      39
      33
      33
      49
      33
      39
      34
      36
      36
      26
      33
      43
      37
      38
      51
      37
      36
      40
      49
      42
      36
      34
      41
      32
      46
      48
      47
      41
      49
      52
      59
      37
      31
      47
      38
      49
      38
      45
      48
      42
      44
      39
      45
      48
      55
      44
      48
      60
      49
      46
      39
      46
      45
      42
      35
      46
      47
      49
      55
      45
      49
      47
      42
      45
      54
      41
      48
      40
      53
      58
      41
      44
      36
      42
      36
      52
      41
      38
      39
      43
      41
      34
      31
      42
      44
      40
      36
      29
      37
      45
      47
      39
      34
      46
      31
      32
      33
      41
      33
      29
      33
      26
      38
      28
      29
      42
      26
      38
      34
      24
      27
      36
      22
      31
      24
      33
      25
      26
      26
      31
      14
      28
      23
      23
      24
      17
      18
      29
      24
      20
      21
      22
      21
      23
      16
      24
      21
      17
       8
      23
      11
      12
      17
      14
      14
      20
      10
      16
      15
      12
      11
      15
      15
      17
      11
      13
      16
       7
       8
      13
       9
       4
       8
       6
       9
       8
      11
      10
       7
       6
       5
       8
      13
       3
       6
       4
       7
       4
       5
       7
       5
       9
       3
       5
       3
       3
       3
       2
       5
       8
       2
       1
       4
       5
       3
       1
       5
       1
       3
       5
       1
       1
       2
       1
       3
       3
       1
       0
       1
       2
       3
       1
       0
       0
       2
       1
       2
       3
       0
       0
       1
       1
       1
       0
       2
       2
       1
       0
       0
       2
       2
       1
       1
       0
       1
       0
       0
       1
       0
       2
       0
       0
       2
       2
       0
       0
       0
       3
       0
       0
       0
       1
       0
       0
       2
       2
       1
       0
       0
       0
       0
       1
       0
       1
       0
       0
       0
       1
       0
       0
       0
       0
       0
       0
       0
       0
       0
       0
       1
       0
       0
       1
       1
       0
       1
       0
       0
       0
       0
       0
       0
       1
       0
       1
       0
       0
       0
       0
       0
       0
       0
       0
       0
       0
       0
       0
       0
       0
       0
       0
       0
       0
       0
       0
       0
       0
       0
       0
       0
       1
       0
       0
       0
       0
       0
       1
       1
       0
       1
       0
       0
       0
       0
       1
       0
       1
       0
       0
       0
       0
       0
       0
       0
       1
       0
       1
       0
       0
       0
       0
       0
       0
       0
       0
       0
       1
       1
       0
       0
       0
       0
       0
       0
       0
       0
       0
       0
       0
       0
       0
       0
       0
       0
       1
       0
       0
       0
       0
       0
       0
       0
       0
       0
       0
       1
       0
       0
       0
       0
       0
       0
       0
       0
       0
       0
       1
       0
       0
       0
       0
       0
       0
       0
       0
       0
       0
       0
       0
       0
       0
       0
       0
       0
       0
       0
       0
       1
       1
       1
       0
       0
       1
       0
       0
       0
       0
       0
       0
       1
       0
       0
       0
       0
       0
       0
       0
       0
       0
       0
       0
       0
       0
       0
       1
       0
       0
       0
       0
       0
       0
       0
       0
       0
       1
       0
       0
       0
       0
       0
       0
       1
       0
       0
       0
       0
       0
       0
       2
       0
       0
       1
       0
       0
       1
       1
       0
       0
       0
       0
       0
       0
       0
       0
       0
       0
       0
       0
       0
       0
       1
       0
       0
       1
       0
       0
       0
       0
       0
       0
       0
       0
       1
       0
       0
       0
       0
       0
       0
       0
       0
       0
       0
       0
       0
       0
       0
       1
       0
       1
       0
       0
       0
       0
       0
       0
       0
       0
       0
       0
       0
       0
       0
       0
       0
       0
       0
       0
       0
       1
       0
       1
       0
       0
       0
       1
       0
       0
       0
       0
       0
       0
       0
       0
       0
       0
       0
       0
       0
       0
       0
       0
       0
       0
       0
       1
       1
       0
       0
       0
       0
       0
       0
       0
       0
       0
       0
       0
       0
       0
       0
       0
       1
       0
       0
       0
       0
       1
       0
       0
       0
       0
       0
       0
       0
       0
       0
       0
       0
       0
       0
       0
       1
       0
       0
       0
       0
       0
       0
       0
       0
       0
       0
       0
       0
       0
       1
       0
       0
       0
       0
       0
       0
       0
       0
       0
       0
       0
       0
       0
       0
       0
       0
       0
       1
       0
       0
       0
       0
       0
       0
       0
       0
       0
       1
       0
       0
       1
       1
       0
       0
       0
       0
       0
       0
       0
       1
       0
       0
       0
       0
       0
       0
       0
       0
       0
       0
       0
       0
       0
       0
       0
       0
       0
       0
       0
       0
       0
       1
       0
       0
       0
       0
       0
       0
       0
       0
       0
       0
       0
       0
       0
       0
       0
       0
       1
       0
       0
       0
       0
       0
       1
       0
       0
       0
       0
       0
       0
       0
       0
       0
       0
       0
       0
       0
       0
       0
       0
       0
       0
       0
       0
       0
       0
       1
       0
       0
       0
       0
       1
       1
       0
       0
       0
       1
       0
       0
       0
       1
       0
       0
       0
       0
       0
       0
       0
       0
       0
       0
       0
       1
       0
       0
       0
       0
       0
       0
       1
       1
       0
       0
       0
       0
       0
       0
       0
       0
       1
       0
       0
       0
       0
       0
       0
       0
       0
       0
       0
       0
       0
       0
       0
       0
       0
       0
       0
       0
       0
       0
       0
       0
       0
       0
       1
       1
       0
       0
       0
       0
       0
       0
       0
       0
       0
       0
       0
       0
       0
       0
       0
       1
       0
       0
       0
       0
       0
       0
       0
       0
       0
       0
       0
       0
       0
       0
       1
       0
       0
       0
       0
       0
       0
       0
       0
       1
       0
       0
       0
       0
       1
       0
       0
       0
       0
       0
       0
       0
       0
       0
       0
       0
       0
       0
       0
       0
       0
       0
       0
       0
       1
       0
       0
       0
       0
       0
       0
       0
       0
       0
       0
       0
       1
       0
       0
       0
       0
       0
       0
       0
       1
       0
       0
       0
       0
       0
       1
       0
       0
       0
       0
       0
       0
       0
       0
       0
       0
       0
       0
       0
       0
       0
       0
       0
       0
       0
       1
       0
       0
       0
       0
       0
       0
       0
       0
       0
       0
       0
       0
       1
       0
       0
       0
       0
       0
       0
       0
       0
       0
       0
       0
       0
       0
       0
       0
       0
       0
       0
       0
       0
       0
       0
       0
       0
       1
       0
       1
       0
       0
       0
       0
       0
       0
       0
       0
       0
       0
       0
       0
       0
       0
       0
       0
       0
       0
       0
       0
       0
       0
       0
       0
       0
       0
       1
       0
       0
       0
       0
       0
       0
       0
       0
       0
       0
       0
       0
       0
       0
       0
       0
       0
       0
       0
       0
       0
       0
       0
       0
       0
       0
       0
       0
       0
       0
       0
       0
       0
       0
       0
       0
       0
       0
       0
       0
       0
       0
       0
       0
       0
       0
       0
       0
       0
       0
       0
       1
       0
       0
       0
       0
       0
       0
       0
       0
       0
       0
       0
       0
       0
       0
       0
       0
       0
       0
       0
       0
       0
       0
       0
       0
       0
       0
       0
       0
       0
       0
       0
       0
       0
       0
       0
       0
       0
       0
       0
       0
       0
       0
       0
       0
       0
       0
       0
       0
       0
       0
       0
       0
       0
       0
       0
       0
       0
       0
       0
       0
       0
       0
       0
       0
       0
       0
       0
       1
       0
       0
       0
       0
       0
       0
       0
       0
       1
       0
       1
       0
       0
       0
       0
       0
       0
       0
       0
       0
       0
       0
       0
       0
       0
       0
       0
       0
       0
       0
       0
       0
       0
       1
       1
       0
       0
       1
       0
       0
       0
       0
       0
       0
       0
       0
       0
       0
       0
       0
       0
       0
       0
       0
       0
       0
       0
       0
       0
       0
       0
       0
       0
       0
       0
       0
       0
       0
       0
       0
       0
       0
       0
       0
       0
       0
       1
       0
       0
       0
       0
       0
       0
       0
       0
       0
       0
       0
       0
       0
       1
       0
       0
       1
       0
       0
       0
       0
       0
       0
       0
       0
       0
       0
       0
       0
       0
       0
       0
       0
       0
       0
       0
       0
       0
       0
       0
       1
       0
       0
       0
       0
       0
       0
       0
       0
       0
       1
       0
       0
       0
       0
       0
       0
       0
       0
       0
       0
       0
       0
       0
       0
       0
       0
       0
       0
       0
       0
       0
       0
       0
       0
       0
       0
       0
       0
       0
       0
       0
       0
       0
       0
       0
       0
       0
       0
       0
       0
       0
       1
       0
       0
       0
       0
       0
       0
       0
       0
       0
       0
       0
       0
       0
       0
       0
       0
       0
       0
       0
       0
       0
       0
       0
       0
       0
       0
       0
       0
       0
       0
       0
       0
       0
       0
       0
       0
       0
       0
       0
       0
       0
       0
       1
       1
       0
       0
       0
       0
       0
       0
       0
       0
       0
       1
       1
       0
       0
       0
       0
       1
       0
       0
       1
       0
       0
       0
       0
       0
       0
       0
       0
       0
       0
       0
       0
       0
       0
       0
       0
       0
       0
       0
       0
       0
       0
       0
       0
       0
       0
       0
       0
       0
       0
       0
       0
       0
       0
       0
       0
       0
       0
       0
       0
       0
       0
       0
       0
       0
       0
       0
       0
       0
       0
       0
       0
       0
       0
       0
       0
       0
       0
       0
       0
       0
       0
       0
       1
       0
       0
       0
       0
       0
       0
       0
       0
       0
       0
       0
       0
       0
       0
       1
       0
       0
       0
       0
       0
       0
       0
       0
       0
       0
       0
       0
       0
       0
       0
       0
       0
       0
       0
       0
       0
       0
       0
       0
       0
       0
       0
       0
       0
       1
       0
       0
       0
       0
       0
       0
       0
       0
       0
       0
       0
       0
       0
       0
       0
       0
       0
       0
       0
       1
       0
       0
       0
       0
       0
       0
       0
       0
       0
       0
       0
       0
       1
       0
       0
       0
       0
       0
       0
       0
       0
       1
       0
       0
       0
       0
       0
       0
       0
       0
       0
       0
       0
       0
       0
       0
       1
       0
       0
       0
       0
       0
       0
       0
       0
       0
       0
       0
       0
       0
       2
       0
       0
       0
       0
       0
       0
       0
       0
       1
       0
       0
       0
       0
       1
       0
       0
       0
       0
       0
       0
       0
       0
       0
       0
       1
       0
       0
       0
       1
       0
       0
       0
       0
       0
       0
       0
       0
       0
       0
       0
       0
       0
       0
       1
       0
       0
       0
       0
       0
       0
       0
       0
       0
       0
       0
       0
       0
       1
       0
       0
       0
       0
       0
       0
       0
       0
       1
       0
       0
       0
       1
       0
       0
       0
       0
       0
       0
       0
       0
       0
       0
       0
       0
       0
       0
       0
       0
       0
       0
       0
       0
       0
       0
       0
       0
       0
       0
       0
       0
       0
       0
       0
       0
       0
       0
       0
       0
       0
       0
       0
       0
       0
       0
       0
       0
       0
       0
       0
       0
       0
       0
       0
       0
       0
       1
       0
       0
       0
       0
       0
       0
       0
       1
       0
       0
       0
       1
       0
       0
       0
       0
       0
       0
       0
       0
       0
       0
       0
       0
       0
       0
       0
       1
       0
       0
       0
       0
       0
       0
       0
       0
       0
       0
       0
       1
       1
       0
       0
       0
       0
       0
       0
       0
       0
       0
       0
       0
       0
       0
       0
       0
       0
       0
       0
       0
       0
       0
       0
       0
       0
       0
       0
       0
       0
       0
       0
       0
       1
       0
       0
       0
       0
       0
       0
       0
       0
       0
       0
       0
       0
       0
       0
       0
       0
       0
       0
       0
       0
       0
       0
       0
       0
       0
       0
       0
       0
       0
       0
       0
       1
       0
       0
       0
       0
       0
       0
       0
       0
       0
       0
       0
       0
       0
       0
       0
       0
       0
       0
       0
       0
       0
       0
       1
       0
       0
       0
       0
       0
       0
       1
       0
       0
       0
       0
       0
       0
       0
       0
       0
       0
       0
       0
       0
       1
       0
       0
       0
       0
       0
       0
       0
       0
       0
       0
       0
       0
       1
       0
       0
       0
       0
       0
       0
       0
       0
       0
       0
       0
       0
       0
       0
       0
       0
       0
       0
       0
       0
       0
       0
       0
       0
       0
       0
       0
       0
       0
       0
       0
       0
       0
       0
       0
       0
       0
       0
       0
       0
       0
       0
       0
       0
       0
       0
       0
       0
       0
       0
       0
       0
       0
       0
       0
       0
       0
       0
       0
       0
       0
       0
       0
       0
       0
       0
       0
       0
       0
       0
       0
       0
       0
       0
       0
       0
       0
       0
       0
       0
       0
       0
       0
       0
       0
       0
       0
       0
       0
       0
       0
       0
       0
       0
       0
       0
       0
       0
       0
       0
       0
       1
       0
       0
       0
       0
       0
       0
       0
       0
       0
       0
       0
       0
       0
       0
       0
       0
       0
       0
       0
       0
       0
       0
       0
       0
       0
       0
       0
       0
       1
       0
       0
       0
       0
       0
       0
       0
       0
       0
       0
       0
       0
       0
       0
       0
       0
       0
       0
       0
       0
       0
       0
       0
       0
       0
       0
       0
       0
       0
       0
       0
       0
       0
       0
       0
       0
       0
       0
       0
       0
       0
       0
       0
       0
       0
       0
       0
       0
       0
       0
       0
       0
       0
       0
       0
       0
       0
       0
       0
       0
       0
       0
       0
       0
       0
       0
       0
       0
       0
       0
       0
       0
       0
       0
       0
       0
       0
       0
       0
       0
       0
       0
       0
       0
       0
       0
       0
       0
       0
       0
       0
       0
       0
       0
       0
       0
       0
       0
       0
       0
       0
       0
       0
       0
       0
       0
       0
       0
       0
       0
       0
       0
       0
       0
       0
       0
       0
       0
       0
       0
       0
       0
       0
       0
       0
       0
       0
       0
       0
       0
       0
       0
       0
       0
       0
       0
       0
       0
       0
       0
       0
       0
       0
       0
       0
       0
       0
       0
       0
       0
       0
       0
       0
       0
       0
       0
       0
       0
       0
       0
       0
       0
       0
       0
       0
       0
       0
       0
       0
       0
       0
       0
       0
       0
       0
       0
       0
       0
       0
       0
       0
       0
       0
       0
       0
       0
       0
       0
       0
       0
       0
       0
       0
       0
       0
       0
       0
       0
       0
       0
       0
       0
       0
       0
       0
       0
       0
       0
       0
$ROI:
1
1844 2171
$PRESETS:
None
0
0
$ENER_FIT:
0.000000 0.000000
$MCA_CAL:
3
0.000000E+000 0.000000E+000 0.000000E+000 
$SHAPE_CAL:
3
0.000000E+000 0.000000E+000 0.000000E+000
