$SPEC_ID:
No sample description was entered.
$SPEC_REM:
DET# 1
DETDESC# FSGUNIV-O93LS3D Easy-MCA-8k SN 17088661
AP# Maestro Version 7.01
$DATE_MEA:
01/27/2020 16:08:33
$MEAS_TIM:
200 200
$DATA:
0 4095
       0
       0
       0
       0
       0
       0
       0
       0
       0
       0
       0
       0
       0
       0
       0
       0
       0
       0
       0
       0
       0
       0
       0
       0
       0
       0
       0
       0
       3
      17
      12
       9
      17
      12
      20
      24
      16
       9
      11
      16
      17
      24
      10
      12
      18
      11
      15
      12
      14
      14
      16
      20
      19
      15
      15
      22
      22
      25
      19
      19
      31
      43
      42
      54
      55
      59
      75
      89
      88
      87
      89
      80
      73
      90
      85
      69
      63
      52
      46
      52
      51
      40
      31
      29
      23
      33
      34
      25
      26
      13
      11
      21
      23
      13
      15
      16
      12
      18
      15
      19
      25
      19
      17
      21
      16
      11
      17
      21
      16
      18
      11
      26
      15
      21
      22
      21
      21
      22
      16
      24
      18
      14
      14
      27
      20
      21
       9
      11
      17
       9
      19
      19
      15
      19
      23
      21
      23
      19
      26
      13
      27
      23
      22
      33
      20
      25
      21
      29
      28
      37
      29
      23
      31
      34
      34
      37
      38
      46
      31
      30
      46
      31
      32
      33
      42
      24
      31
      25
      22
      18
      41
      23
      24
      23
      32
      26
      36
      30
      23
      16
      19
      26
      22
      22
      17
      24
      19
      21
      19
      12
      19
      19
      19
      23
      15
      19
      16
      25
      27
      26
      11
      20
      11
      12
      22
      15
      18
      18
      18
      11
      17
      17
      17
      14
      19
      12
      20
      18
      13
      27
      20
      24
      18
      15
      13
      15
      19
      22
      24
      28
      20
      14
      12
      17
      16
      15
      16
      19
      22
      23
      14
      15
      17
      12
      17
      16
      15
      13
      18
      20
      18
      19
      23
      14
      23
      11
       7
      20
      24
      12
      21
      16
      19
      14
      17
      18
      16
      21
      15
      18
      20
      16
      13
      19
      23
      19
      26
      15
      19
      10
      18
      20
      12
      22
      21
      20
      17
      21
      18
      18
      17
      11
      13
      17
      14
      11
      24
      14
      25
      19
      13
      19
      25
      14
      22
      23
      18
      15
      25
      19
      14
      22
      13
      16
      16
      20
      16
      16
      16
       9
      18
      15
      21
       9
      23
      12
      14
      19
      19
      22
      22
      24
      13
      23
      16
      23
      28
      19
      23
      16
      18
      19
      19
      22
      23
      15
      20
      21
      15
      27
      30
      18
      17
      26
      17
      31
      24
      18
      28
      25
      20
      21
      20
      11
      17
      22
      27
      28
      28
      21
      28
      31
      20
      26
      16
      30
      32
      31
      16
      26
      14
      22
      26
      20
      21
      18
      22
      14
      15
      15
      23
      30
      23
      15
      20
      20
      15
      24
      20
      25
      20
      28
      11
      26
      31
      18
      25
      14
      16
      23
      25
      20
      14
      18
      18
      22
      17
      11
      13
      29
      21
      20
      28
      21
      15
      24
      16
      25
      23
      14
      24
      28
      22
      21
      21
      18
      26
      19
      20
      19
      13
      26
      24
      20
      20
      23
      21
      22
      30
      16
      22
      23
      18
      12
      17
      23
      17
      25
      16
      19
      18
      27
      24
      17
      29
      22
      18
      22
      15
      12
      14
      24
      17
      20
      17
      18
      11
      14
      20
      14
      13
      12
      22
      16
      14
      15
      22
      29
      17
      22
      13
      13
      15
      15
      21
      14
      22
      20
      19
      19
      13
      24
      18
      19
      15
      18
      22
      20
      15
      16
      24
      23
      24
      20
      18
      22
      24
      16
      23
      20
      21
      15
      16
      17
      13
      20
      11
      21
      19
      18
      18
      21
      16
      22
      26
      13
      25
      17
      25
      18
      15
      24
      29
      18
      19
      22
      19
      18
      18
      14
      18
      17
      12
      19
      18
      17
      20
      18
      18
      15
      19
      20
      13
      25
      25
      23
      27
      16
      16
      17
      16
      17
      14
      21
      14
      21
      26
      22
      23
      17
      15
      14
      19
      18
      19
      16
      18
      14
      22
      21
      16
      20
      24
      20
      16
      19
      13
      10
      20
      16
      15
      19
      20
      20
      23
      18
      26
      17
      24
      21
      11
      14
      15
      15
      16
      20
      14
      21
      14
      23
      23
      18
      12
      19
      26
      21
      21
      23
      25
      20
      10
      14
      19
      24
      22
      17
      26
      20
      22
      16
      17
      17
      14
      12
      16
      15
      20
      25
      26
      15
      22
      15
      13
      23
      26
      18
      24
      21
      18
      21
      21
      17
      16
      19
       9
      19
      24
      14
      19
      20
      22
      15
      18
      22
      15
      28
      29
      13
      20
      17
      18
      19
      19
      21
      22
      19
      14
      18
      24
      16
      26
      23
      22
      18
      22
      16
      20
      22
      21
      17
      27
      14
      20
      15
      19
      17
      20
      13
      18
      16
      22
      15
      26
      19
      17
      21
      20
      25
      22
      16
      20
      19
      17
      17
      24
      16
      22
      21
      19
      23
      15
      19
      21
      20
      19
      24
      24
      13
      22
      21
      13
      19
      20
      17
      11
       6
      22
      23
      12
      17
      22
      22
       9
      11
      16
      20
      17
      22
      22
      28
      25
      17
      19
       9
      19
      17
      14
      18
      22
      21
      22
      18
      23
      14
      18
      14
      13
      21
      17
      19
      15
      23
      23
      16
      21
      21
      21
       9
      12
      24
      15
      19
      23
      16
      18
      33
      15
      21
      19
      11
      18
      16
      16
      22
      14
      23
      25
      15
      25
      13
      23
      17
      19
      22
      18
      13
      12
      13
      18
      13
       7
      15
      22
      19
      10
      17
      13
      19
      21
      20
      15
      16
      13
      17
      14
      17
      22
      13
      15
      21
      22
      16
      21
      15
      14
      17
      26
      13
      16
      18
      16
      25
      16
      22
      19
      20
      18
      13
      13
      17
      15
      12
      14
      13
      22
       7
      20
      13
      13
      12
      15
      17
      18
      12
      13
       9
      10
      10
      10
      13
      10
      15
      15
      12
      11
       7
      12
      14
      11
      11
       8
      14
      12
      12
       5
      13
       7
      12
       9
      13
       9
      11
      10
       8
       9
      10
       5
       9
       9
       8
       3
       4
      10
       6
       4
       8
       6
      10
       7
       8
       8
       4
       9
      13
       5
       8
      15
       8
      10
      17
       7
       5
       6
       6
       2
       9
      11
      17
       6
       6
       7
       8
       6
      12
       9
       6
       4
       7
      10
       6
       5
       6
       5
       7
       2
       6
       8
      13
       7
       3
       5
       9
       7
       7
       3
       5
       6
      10
       2
      10
       6
       8
       5
       4
       9
       5
       5
       5
       5
       9
       6
       6
       4
       2
       8
       4
      10
       5
       7
       7
       3
       7
       8
       5
       4
       4
       6
       3
       4
       4
       1
       2
       3
       5
       4
       4
       5
       4
       3
       2
       6
       5
       2
       6
       5
      10
       4
       6
       5
       5
       5
       3
       5
       6
      12
       2
       9
       5
       6
       7
       4
       6
       5
       4
       3
       5
       7
       9
       8
       7
       5
       0
       2
       1
       4
       6
       5
       1
       3
       4
       5
       7
       2
       5
       2
       8
       3
       4
       4
       2
       5
       8
       3
       5
       4
       4
       3
       4
       8
       7
       3
       5
       5
       0
       4
       3
       3
       7
       8
       3
       3
       7
       7
       2
       6
       5
       4
       3
       2
       6
       8
       8
       2
       5
       1
       5
       8
       3
       6
       9
       5
       3
       6
       4
       4
       4
       7
      13
       6
       7
       7
       6
       5
       6
       8
       7
       9
      10
       8
      11
      10
       6
       7
      10
       8
      10
       6
       9
      12
      12
      12
      10
      16
      15
      11
      19
       8
      14
      10
      17
       9
      19
      27
      19
      16
      23
      33
      24
      26
      30
      24
      26
      35
      28
      36
      36
      36
      25
      41
      33
      40
      36
      45
      48
      46
      42
      53
      52
      51
      64
      56
      59
      78
      56
      52
      53
      75
      74
      72
      70
      60
      67
      67
      67
      83
      76
      70
      88
      68
      91
      75
      78
      80
      75
      77
      95
     103
      85
      87
      95
      80
      80
      85
      98
      81
      77
      79
      98
     101
     102
      96
      98
     119
     111
      85
      88
      94
      88
     105
     109
     107
     107
      76
     109
      74
      87
     102
      89
      86
     103
      84
      95
      95
      94
      95
     102
      97
      90
      89
      93
      72
      69
      81
      73
      73
      74
      86
      78
      70
      80
      67
      78
      56
      59
      57
      60
      55
      66
      58
      47
      60
      48
      54
      43
      38
      45
      43
      28
      43
      40
      33
      46
      25
      23
      42
      26
      30
      26
      34
      28
      20
      21
      19
      12
      21
      19
      20
      16
      18
      14
      15
      12
      11
      14
       6
      12
       7
       7
       7
      11
       7
       6
       9
       6
       6
       7
       5
       2
       3
       3
       7
       1
       1
       1
       1
       0
       6
       2
       3
       2
       3
       3
       0
       0
       2
       1
       0
       3
       1
       0
       1
       1
       1
       0
       0
       0
       1
       0
       2
       0
       1
       1
       2
       1
       0
       0
       0
       0
       0
       0
       3
       1
       0
       0
       0
       0
       0
       0
       0
       1
       0
       1
       0
       0
       1
       0
       1
       0
       1
       0
       0
       0
       0
       0
       1
       0
       0
       0
       0
       0
       0
       0
       0
       1
       0
       0
       0
       0
       0
       0
       0
       0
       0
       1
       0
       0
       0
       0
       0
       1
       0
       0
       1
       1
       0
       0
       0
       0
       1
       1
       0
       0
       0
       1
       0
       0
       0
       1
       0
       0
       1
       1
       0
       0
       1
       0
       0
       1
       1
       0
       0
       1
       1
       0
       1
       0
       0
       0
       1
       1
       1
       0
       0
       1
       0
       0
       1
       1
       1
       1
       0
       0
       0
       0
       0
       0
       0
       1
       0
       1
       0
       0
       0
       0
       1
       0
       0
       0
       0
       1
       0
       0
       0
       0
       0
       0
       0
       1
       1
       0
       0
       1
       1
       0
       0
       0
       0
       0
       0
       0
       0
       0
       0
       0
       0
       0
       0
       0
       0
       0
       0
       0
       0
       0
       1
       0
       0
       1
       0
       0
       0
       0
       0
       1
       0
       0
       0
       2
       0
       1
       0
       0
       0
       0
       0
       0
       0
       0
       0
       1
       0
       0
       0
       0
       1
       0
       0
       0
       0
       0
       0
       0
       0
       1
       0
       0
       0
       3
       0
       0
       0
       0
       0
       0
       0
       0
       0
       1
       0
       0
       0
       0
       0
       0
       0
       0
       0
       1
       0
       0
       0
       0
       0
       0
       1
       0
       0
       0
       0
       0
       0
       1
       0
       0
       0
       0
       0
       1
       1
       1
       0
       0
       0
       0
       0
       0
       0
       0
       0
       0
       0
       0
       0
       1
       1
       2
       0
       0
       0
       0
       0
       0
       1
       0
       0
       0
       0
       0
       0
       0
       0
       2
       1
       1
       0
       0
       0
       1
       0
       0
       0
       0
       0
       0
       0
       0
       0
       0
       1
       0
       0
       0
       1
       1
       1
       1
       0
       0
       0
       0
       0
       0
       0
       1
       0
       1
       0
       0
       1
       1
       1
       0
       0
       0
       0
       0
       0
       0
       0
       1
       0
       0
       0
       0
       0
       0
       1
       2
       0
       0
       0
       0
       0
       0
       0
       0
       1
       0
       0
       0
       0
       0
       0
       0
       0
       0
       0
       0
       0
       0
       0
       0
       1
       0
       0
       0
       1
       0
       0
       0
       0
       0
       0
       1
       0
       0
       0
       0
       0
       0
       0
       0
       1
       2
       0
       0
       1
       0
       1
       0
       0
       0
       0
       0
       0
       0
       0
       0
       0
       0
       1
       0
       0
       0
       0
       0
       0
       0
       0
       0
       0
       0
       0
       0
       1
       0
       0
       0
       1
       0
       0
       0
       0
       0
       0
       1
       0
       0
       1
       0
       0
       0
       0
       0
       1
       1
       0
       0
       0
       0
       0
       0
       0
       0
       0
       1
       1
       0
       0
       0
       0
       0
       0
       0
       0
       0
       0
       0
       1
       0
       0
       0
       0
       0
       0
       0
       1
       0
       0
       0
       0
       0
       0
       0
       0
       0
       0
       0
       0
       2
       0
       2
       0
       0
       0
       1
       0
       0
       1
       0
       0
       0
       0
       2
       1
       0
       2
       0
       0
       0
       1
       0
       0
       0
       0
       0
       0
       0
       0
       2
       0
       0
       0
       0
       1
       0
       0
       0
       0
       0
       0
       0
       0
       0
       0
       0
       0
       1
       0
       0
       1
       0
       0
       0
       0
       0
       0
       0
       0
       1
       0
       0
       0
       1
       0
       0
       0
       0
       3
       1
       0
       0
       0
       0
       0
       0
       0
       0
       0
       0
       0
       1
       0
       0
       0
       0
       0
       0
       0
       0
       1
       0
       0
       0
       1
       0
       0
       0
       0
       0
       0
       0
       0
       0
       1
       0
       0
       0
       0
       0
       0
       0
       0
       0
       0
       0
       0
       0
       0
       1
       0
       0
       1
       0
       0
       0
       0
       0
       0
       0
       0
       0
       0
       0
       0
       0
       0
       1
       0
       0
       0
       0
       0
       0
       0
       0
       0
       0
       0
       1
       0
       0
       0
       0
       0
       0
       0
       0
       0
       0
       0
       0
       0
       0
       0
       0
       0
       1
       0
       0
       0
       0
       0
       0
       0
       0
       0
       0
       0
       0
       0
       0
       0
       0
       0
       1
       0
       0
       0
       0
       0
       0
       1
       0
       0
       0
       0
       0
       2
       0
       0
       0
       0
       0
       0
       0
       0
       0
       0
       0
       0
       0
       0
       0
       0
       0
       2
       0
       0
       0
       3
       0
       0
       0
       0
       0
       0
       0
       0
       0
       0
       1
       1
       0
       1
       0
       0
       0
       1
       0
       0
       0
       0
       0
       0
       1
       0
       0
       0
       0
       0
       2
       0
       0
       0
       0
       0
       0
       0
       0
       1
       0
       0
       1
       1
       0
       0
       0
       0
       0
       1
       0
       0
       1
       0
       0
       0
       0
       0
       0
       0
       0
       0
       0
       1
       0
       0
       1
       0
       1
       0
       0
       0
       0
       2
       0
       0
       0
       0
       0
       0
       0
       0
       0
       0
       1
       1
       0
       0
       0
       0
       0
       0
       1
       0
       0
       0
       0
       0
       1
       0
       0
       0
       0
       1
       0
       0
       0
       0
       0
       0
       1
       0
       0
       0
       0
       0
       0
       0
       0
       0
       0
       0
       0
       0
       0
       0
       0
       0
       0
       0
       0
       0
       0
       0
       0
       0
       0
       0
       1
       0
       1
       1
       0
       0
       0
       0
       0
       0
       0
       0
       0
       0
       0
       0
       0
       0
       0
       0
       0
       0
       0
       0
       0
       0
       0
       1
       0
       0
       0
       0
       0
       0
       0
       0
       0
       0
       0
       0
       0
       0
       0
       1
       0
       0
       0
       0
       0
       0
       0
       0
       0
       0
       0
       0
       0
       0
       0
       0
       0
       0
       0
       0
       0
       0
       0
       0
       0
       0
       0
       0
       0
       0
       0
       0
       0
       0
       0
       1
       0
       0
       0
       0
       0
       0
       0
       1
       1
       0
       0
       0
       0
       0
       1
       0
       0
       0
       0
       0
       0
       0
       0
       0
       0
       0
       0
       0
       0
       0
       0
       0
       0
       0
       0
       0
       0
       0
       0
       0
       0
       0
       1
       0
       0
       0
       0
       0
       0
       0
       0
       0
       0
       0
       0
       0
       0
       0
       0
       0
       0
       1
       1
       0
       1
       0
       0
       1
       0
       0
       0
       1
       0
       0
       0
       0
       0
       1
       0
       0
       0
       0
       0
       0
       0
       0
       0
       0
       0
       0
       0
       0
       0
       0
       0
       0
       0
       0
       0
       1
       0
       0
       0
       0
       0
       0
       0
       0
       0
       0
       0
       0
       0
       0
       0
       0
       0
       0
       0
       0
       0
       0
       0
       0
       1
       0
       1
       0
       0
       0
       1
       0
       0
       0
       0
       0
       0
       0
       0
       0
       1
       0
       0
       0
       0
       0
       0
       0
       0
       0
       1
       0
       0
       0
       0
       0
       0
       0
       0
       0
       0
       1
       0
       0
       0
       0
       0
       0
       1
       0
       0
       0
       0
       0
       0
       0
       0
       0
       0
       1
       0
       0
       0
       0
       0
       1
       0
       0
       0
       0
       0
       0
       0
       0
       0
       0
       0
       0
       0
       0
       0
       0
       0
       0
       0
       0
       0
       0
       0
       0
       0
       0
       0
       0
       0
       0
       0
       0
       0
       0
       0
       1
       0
       0
       1
       0
       0
       0
       0
       0
       0
       0
       0
       0
       1
       1
       0
       0
       0
       0
       0
       1
       0
       0
       0
       1
       0
       0
       0
       0
       0
       1
       0
       0
       0
       0
       0
       0
       0
       0
       0
       1
       0
       0
       0
       1
       1
       0
       0
       0
       2
       0
       0
       0
       0
       0
       0
       0
       0
       0
       0
       0
       0
       0
       0
       0
       0
       0
       0
       0
       0
       0
       0
       0
       0
       0
       0
       0
       0
       0
       0
       0
       2
       0
       0
       0
       0
       0
       0
       0
       0
       0
       2
       0
       0
       1
       0
       1
       0
       0
       0
       0
       1
       0
       0
       1
       0
       1
       0
       0
       0
       0
       0
       0
       0
       0
       0
       0
       0
       0
       0
       0
       0
       0
       1
       0
       0
       0
       0
       0
       0
       0
       0
       0
       0
       0
       0
       0
       2
       0
       0
       1
       0
       0
       0
       0
       0
       0
       0
       0
       0
       0
       0
       0
       0
       0
       0
       1
       0
       0
       0
       1
       0
       1
       0
       0
       0
       0
       0
       0
       0
       0
       0
       0
       1
       0
       0
       0
       0
       1
       0
       0
       0
       0
       0
       1
       0
       0
       0
       0
       0
       0
       0
       0
       0
       0
       0
       0
       0
       1
       0
       0
       0
       0
       0
       0
       0
       0
       0
       0
       0
       0
       0
       0
       0
       0
       0
       1
       0
       0
       0
       0
       0
       0
       0
       0
       0
       0
       0
       1
       0
       0
       1
       2
       0
       0
       0
       0
       0
       0
       0
       0
       0
       0
       0
       0
       0
       0
       0
       0
       0
       0
       0
       0
       0
       0
       0
       0
       1
       0
       0
       0
       0
       0
       0
       1
       0
       0
       0
       1
       0
       0
       0
       0
       1
       0
       0
       0
       0
       0
       1
       0
       0
       0
       0
       0
       0
       0
       0
       0
       0
       0
       0
       0
       0
       0
       0
       0
       0
       0
       0
       0
       0
       0
       0
       0
       0
       0
       0
       0
       0
       0
       0
       0
       0
       0
       0
       0
       1
       0
       0
       0
       0
       0
       0
       0
       0
       0
       1
       0
       1
       0
       0
       0
       0
       0
       0
       0
       0
       2
       0
       0
       0
       0
       0
       0
       1
       0
       0
       0
       0
       0
       0
       0
       0
       0
       0
       0
       0
       0
       0
       0
       0
       0
       0
       0
       0
       0
       0
       0
       0
       0
       0
       0
       0
       0
       0
       0
       0
       0
       0
       0
       0
       0
       0
       0
       0
       0
       0
       0
       0
       0
       0
       0
       0
       0
       0
       1
       0
       0
       0
       0
       0
       0
       0
       0
       0
       0
       0
       0
       0
       0
       0
       0
       0
       0
       0
       0
       0
       1
       0
       0
       0
       0
       0
       0
       0
       0
       0
       0
       0
       0
       0
       0
       0
       0
       1
       0
       1
       0
       0
       2
       0
       0
       0
       0
       0
       0
       0
       0
       0
       0
       0
       0
       0
       0
       0
       0
       0
       0
       0
       0
       0
       0
       0
       0
       0
       0
       0
       0
       0
       0
       0
       0
       0
       0
       0
       0
       0
       0
       0
       0
       0
       0
       0
       0
       0
       0
       0
       0
       0
       0
       0
       0
       0
       0
       0
       0
       0
       0
       0
       0
       0
       0
       0
       0
       0
       0
       0
       0
       0
       0
       0
       0
       0
       0
       0
       0
       0
       0
       0
       0
       0
       0
       0
       0
       0
       0
       0
       0
       0
       0
       0
       0
       0
       0
       0
       0
       0
       0
       0
       0
       0
       0
       0
       0
       0
       0
       0
       0
       0
       0
       0
       0
       0
       0
       0
       0
       0
       0
       0
       0
       0
       0
       0
       0
       0
       0
       0
       0
       0
       0
       0
       0
       0
       0
       0
       0
       0
       0
       0
       0
       0
       0
       0
       0
       0
       0
       0
       0
       0
       0
       0
       0
       0
       0
       0
       0
       0
       0
       0
       0
       0
       0
       0
       0
       0
       0
       0
       0
       0
       0
       0
       0
       0
       0
       0
       0
       0
       0
       0
       0
       0
       0
       0
       0
       0
       0
       0
       1
       0
       0
       0
       0
       0
       1
       0
       0
       0
       0
       0
       0
       0
       0
       0
       0
       0
       0
       0
       0
       0
       0
       0
       0
       0
       0
       0
       0
       0
       0
       0
       1
       0
       0
       0
       0
       0
       0
       0
       0
       0
       0
       0
       0
       0
       0
       0
       0
       0
       0
       0
       0
       0
       0
       0
       0
       0
       0
       0
       0
       0
       0
       0
       0
       0
       0
       0
       0
       0
       0
       0
       1
       0
       0
       0
       0
       0
       0
       0
       0
       0
       0
       0
       0
       0
       0
       0
       0
       0
       0
       0
       0
       0
       0
       0
       0
       0
       0
       1
       0
       0
       0
       0
       0
       0
       0
       0
       0
       0
       0
       0
       0
       0
       0
       0
       0
       0
       0
       0
       0
       0
       0
       0
       0
       0
       0
       0
       0
       0
       0
       0
       0
       0
       0
       0
       0
       0
       0
       0
       0
       0
       0
       0
       0
       0
       0
       0
       0
       0
       0
       0
       0
       0
       0
       0
       0
       0
       0
       0
       0
       0
       0
       0
       0
       0
       0
       0
       0
       0
       0
       1
       0
       0
       0
       0
       0
       0
       0
       0
       0
       0
       0
       0
       0
       0
       0
       0
       0
       0
       0
       0
       0
       0
       0
       0
       0
       0
       0
       0
       1
       0
       0
       0
       0
       0
       0
       0
       0
       0
       0
       0
       0
       0
       0
       0
       0
       0
       0
       0
       0
       0
       0
       0
       0
       0
       0
       0
       0
       0
       0
       0
       1
       0
       0
       0
       0
       0
       0
       0
       0
       0
       0
       0
       0
       0
       0
       0
       0
       0
       0
       0
       0
       0
       0
       0
       0
       0
       0
       0
       0
       0
       0
       0
       0
       0
       0
       0
       0
       0
       0
       0
       0
       0
       0
       0
       0
       0
       0
       0
       0
       0
       0
       0
       0
       0
       0
       0
       0
       0
       0
       0
       0
       0
       0
       0
       0
       0
       0
       0
       0
       0
       0
       0
       0
       0
       0
       0
       0
       0
       0
       0
       0
       0
       0
       0
       0
       0
       0
       0
       0
       0
       0
       0
       0
       0
       0
       0
       0
       0
       0
       0
       0
       0
       0
       0
       0
       0
       0
       0
       0
       0
       0
       0
       0
       0
       0
       0
       0
       0
       0
       0
       0
       0
       0
       0
       0
       0
       0
       0
       0
       0
       0
       0
       0
       0
       0
       0
       0
       0
       0
       0
       0
       0
       0
       0
       0
       0
       0
       0
       0
       0
       0
       0
       0
       0
       0
       0
       0
       0
       0
       0
       0
       0
       0
       0
       0
       0
       0
       0
       0
       0
       0
       0
       0
       0
       0
       0
       0
       0
       0
       0
       0
       0
       0
       0
       0
       0
       0
       0
       0
       0
       0
       0
       0
       0
       0
       0
       0
       0
       0
       0
       0
       0
       0
       0
       0
       0
       0
       0
       0
       0
       0
       0
       0
       0
       0
       0
       0
       0
       0
       0
       0
       0
       0
       0
       0
       0
       0
       0
       0
       0
       0
       0
       0
       0
       0
       0
       0
       0
       0
       0
       0
       0
       0
       0
       0
       0
       0
       0
       0
       0
       0
       0
       0
       0
       0
       0
       0
       0
       0
       0
       0
       0
       0
       0
       0
       0
       0
       0
       0
       0
       0
       0
       0
       0
       0
       0
       0
       0
       0
       0
       0
       0
       0
       0
       0
       0
       0
       0
       0
       0
       0
       0
       0
       0
       0
       0
       0
       0
       0
       0
       0
       0
       0
       0
       0
       1
       0
       0
       0
       0
       0
       0
       0
       0
       0
       0
       0
       0
       0
       0
       0
       0
       0
       0
       0
       0
       0
       0
       0
       0
       0
       0
       0
       0
       0
       0
       0
       0
       0
       0
       0
       0
       0
       0
       0
       0
       0
       0
       0
       0
       0
       0
       0
       0
       0
       0
       0
       0
       0
       0
       0
       0
       0
       0
       0
       0
       0
       0
       0
       0
       0
       0
       0
       0
       1
       0
       0
       0
       0
       0
       0
       0
       0
       0
       0
       0
       0
       0
       0
       0
       0
       0
       0
       1
       0
       0
       0
       0
       0
       0
       0
       0
       0
       0
       0
       0
       0
       0
       0
       0
       0
       0
       0
       0
       0
       0
       0
       0
       0
       0
       0
       0
       0
       0
       0
       0
       0
       1
       0
       0
       0
       0
       0
       0
       0
       0
       0
       0
       0
       0
       0
       0
       1
       0
       0
       0
       0
       0
       0
       0
       0
       0
       0
       0
       0
       0
       0
       0
       0
       0
       0
       0
       0
       0
       0
       0
       0
       0
       0
       0
       0
       0
       1
       0
       0
       0
       0
       0
       0
       0
       0
       0
       0
       0
       0
       0
       0
       0
       0
       0
       0
       0
       0
       0
       0
       0
       0
       0
       0
       0
       0
       0
       0
       0
       0
       0
       0
       0
       0
       0
       0
       0
       0
       0
       0
       0
       0
       0
       0
       0
       0
       0
       0
       0
       0
       0
       0
       0
       0
       0
       0
       0
       0
       0
       0
       0
       0
       0
       0
       0
       0
       0
       0
       0
       0
       0
       0
       0
       0
       0
       0
       0
       0
       0
       0
       0
       0
       0
       0
       0
       0
       0
       0
       0
       0
       0
       0
       0
       0
       0
       0
       0
       0
       0
       0
       0
       0
       0
       0
       0
       0
       0
       0
       0
       0
       0
       0
       0
       0
       0
       0
       0
       0
       0
       0
       0
       0
       0
       0
       0
       0
       0
       0
       0
       0
       0
       0
       0
       0
       0
       0
       0
       0
       0
       0
       0
       0
       0
       0
       0
       0
       0
       0
       0
       0
       0
       0
       0
       0
       0
       0
       0
       0
       0
       0
       0
       0
       0
       0
       0
       0
       0
       0
       0
       0
       0
       0
       0
       0
       0
       0
       0
       0
       0
       0
       0
       0
       0
       0
       0
       0
       0
       0
       0
       0
       0
       0
       0
       0
       0
       0
       0
       0
       0
       0
       0
       0
       0
       0
       0
       0
       0
       0
       0
       0
       0
       0
       0
       0
       0
       0
       0
       0
       0
       0
       0
       0
       0
       0
       0
       0
       0
       0
       0
       0
       0
       0
       0
       0
       0
       0
       0
       0
       0
       0
       0
       0
       0
       0
       0
       0
       0
       0
       0
       0
       0
       0
       0
       0
       0
       0
       0
       0
       0
       0
       0
       0
       0
       0
       0
       0
       0
       0
       0
       0
       0
       0
       0
       0
       0
       0
       0
       0
       0
       0
       0
$ROI:
1
1117 1316
$PRESETS:
None
0
0
$ENER_FIT:
0.000000 0.000000
$MCA_CAL:
3
0.000000E+000 0.000000E+000 0.000000E+000 
$SHAPE_CAL:
3
0.000000E+000 0.000000E+000 0.000000E+000
